Inputs:
Crystal-like:
[0, 4, 4, '*']
[0, 5, 2, '*']
Icosahedra-like:
[0, 0, 12, 0]
[0, 2, 8, 2]
Mixed:
[0, 3, 6, '*']

Outputs:
Total number of atoms categorized: 796
Crystal-like: 229
9	1	12	7	5	0	0	4	4	4	0	0	0	0	18.4001
14	1	11	6	4	1	0	4	4	3	0	0	0	0	17.3257
15	1	13	8	5	0	0	4	4	5	0	0	0	0	18.0911
29	1	11	5	5	1	0	4	4	3	0	0	0	0	16.5964
43	1	13	6	6	1	0	4	4	5	0	0	0	0	17.2719
45	1	11	7	3	1	0	4	4	3	0	0	0	0	16.8514
49	1	14	7	7	0	0	4	4	6	0	0	0	0	18.2347
56	1	12	8	3	1	0	4	4	4	0	0	0	0	20.1532
60	1	14	9	5	0	0	4	4	6	0	0	0	0	18.0113
68	1	13	6	6	1	0	5	2	6	0	0	0	0	16.8121
78	1	12	9	3	0	0	4	4	4	0	0	0	0	17.6688
81	1	11	8	1	2	0	4	4	3	0	0	0	0	21.513
82	1	10	8	2	0	0	4	4	2	0	0	0	0	18.6665
91	1	11	6	4	1	0	4	4	3	0	0	0	0	18.443
94	1	14	5	9	0	0	4	4	6	0	0	0	0	15.6856
97	1	13	7	5	1	0	5	2	6	0	0	0	0	18.3084
112	1	12	6	6	0	0	4	4	4	0	0	0	0	17.3855
114	1	15	7	7	1	0	4	4	7	0	0	0	0	18.661
117	1	12	5	7	0	0	4	4	4	0	0	0	0	16.9429
121	1	13	5	8	0	0	5	2	6	0	0	0	0	16.2568
131	1	12	7	3	2	0	4	4	4	0	0	0	0	19.5055
133	1	12	5	6	1	0	5	2	5	0	0	0	0	17.003
135	1	12	4	7	1	0	4	4	4	0	0	0	0	15.6039
141	1	11	8	3	0	0	4	4	3	0	0	0	0	20.232
142	1	11	6	4	1	0	4	4	3	0	0	0	0	18.1852
149	1	12	9	3	0	0	4	4	4	0	0	0	0	18.1896
151	1	13	7	6	0	0	4	4	5	0	0	0	0	19.2268
152	1	12	4	6	2	0	5	2	5	0	0	0	0	16.5548
155	1	14	8	5	1	0	4	4	6	0	0	0	0	17.9767
156	1	13	6	5	2	0	4	4	5	0	0	0	0	18.0106
183	1	12	7	5	0	0	4	4	4	0	0	0	0	18.9748
191	1	13	8	5	0	0	5	2	6	0	0	0	0	17.253
193	1	15	4	9	2	0	5	2	8	0	0	0	0	15.7015
195	1	11	6	5	0	0	4	4	3	0	0	0	0	16.4395
198	1	13	4	9	0	0	4	4	5	0	0	0	0	16.0561
201	1	13	9	3	1	0	4	4	5	0	0	0	0	17.4584
223	1	13	10	2	1	0	5	2	6	0	0	0	0	18.623
225	1	13	4	7	2	0	4	4	5	0	0	0	0	15.2361
228	1	13	8	5	0	0	5	2	6	0	0	0	0	17.0197
245	1	11	7	4	0	0	4	4	3	0	0	0	0	17.3116
247	1	13	8	3	2	0	4	4	5	0	0	0	0	18.2657
268	1	15	4	11	0	0	4	4	7	0	0	0	0	16.6212
272	1	13	5	5	3	0	4	4	5	0	0	0	0	17.0592
283	1	11	9	2	0	0	4	4	3	0	0	0	0	19.4337
289	1	14	5	9	0	0	4	4	6	0	0	0	0	16.3924
299	1	12	9	3	0	0	4	4	4	0	0	0	0	17.3865
300	1	12	4	8	0	0	4	4	4	0	0	0	0	16.077
302	1	13	5	6	2	0	4	4	5	0	0	0	0	16.1783
308	1	14	7	7	0	0	4	4	6	0	0	0	0	18.1233
311	1	11	9	2	0	0	4	4	3	0	0	0	0	18.2483
313	1	11	5	6	0	0	4	4	3	0	0	0	0	19.8585
345	1	13	7	6	0	0	4	4	5	0	0	0	0	17.9659
357	1	12	5	5	2	0	5	2	5	0	0	0	0	15.8914
358	1	12	8	4	0	0	5	2	5	0	0	0	0	18.2413
365	1	13	9	4	0	0	4	4	5	0	0	0	0	18.1092
370	1	14	6	7	1	0	4	4	6	0	0	0	0	17.8532
372	1	12	6	6	0	0	4	4	4	0	0	0	0	18.7327
373	1	13	8	4	1	0	4	4	5	0	0	0	0	18.0298
391	1	14	7	7	0	0	4	4	6	0	0	0	0	19.0286
398	1	12	7	5	0	0	5	2	5	0	0	0	0	18.8003
425	1	14	8	6	0	0	4	4	6	0	0	0	0	17.3718
429	1	13	7	6	0	0	4	4	5	0	0	0	0	18.522
439	1	12	10	2	0	0	4	4	4	0	0	0	0	18.582
442	1	12	7	4	1	0	4	4	4	0	0	0	0	17.1876
447	1	12	6	5	1	0	4	4	4	0	0	0	0	17.0339
451	1	12	8	4	0	0	4	4	4	0	0	0	0	18.3366
453	1	15	8	6	1	0	4	4	7	0	0	0	0	17.7528
456	1	14	8	6	0	0	4	4	6	0	0	0	0	17.3153
462	1	13	8	5	0	0	4	4	5	0	0	0	0	18.2745
476	1	14	5	9	0	0	4	4	6	0	0	0	0	16.1564
477	1	10	5	4	1	0	4	4	2	0	0	0	0	16.8734
478	1	13	6	5	2	0	4	4	5	0	0	0	0	19.2054
481	1	13	8	5	0	0	5	2	6	0	0	0	0	16.9026
482	1	13	3	9	1	0	4	4	5	0	0	0	0	17.1333
484	1	13	4	8	1	0	4	4	5	0	0	0	0	17.7944
492	1	13	7	5	1	0	5	2	6	0	0	0	0	18.0231
495	1	11	5	4	2	0	4	4	3	0	0	0	0	16.4186
513	1	14	4	10	0	0	4	4	6	0	0	0	0	16.6234
525	1	11	8	2	1	0	4	4	3	0	0	0	0	19.7453
538	1	14	8	6	0	0	4	4	6	0	0	0	0	16.6239
543	1	13	5	6	2	0	5	2	6	0	0	0	0	16.2495
544	1	13	5	8	0	0	5	2	6	0	0	0	0	16.3042
546	1	11	9	2	0	0	4	4	3	0	0	0	0	17.7068
556	1	11	7	3	1	0	4	4	3	0	0	0	0	17.9292
562	1	12	10	0	2	0	4	4	4	0	0	0	0	19.1352
566	1	12	8	4	0	0	4	4	4	0	0	0	0	17.4664
603	1	11	8	2	1	0	4	4	3	0	0	0	0	19.2444
623	1	12	7	5	0	0	4	4	4	0	0	0	0	18.3911
629	1	13	7	6	0	0	4	4	5	0	0	0	0	17.6831
638	1	11	7	4	0	0	4	4	3	0	0	0	0	17.5723
641	1	11	6	4	1	0	4	4	3	0	0	0	0	16.5269
650	1	14	4	9	1	0	4	4	6	0	0	0	0	17.3233
654	1	13	8	5	0	0	5	2	6	0	0	0	0	17.4963
657	1	12	7	5	0	0	4	4	4	0	0	0	0	18.4521
659	1	12	7	4	1	0	4	4	4	0	0	0	0	17.6419
666	1	12	10	2	0	0	4	4	4	0	0	0	0	18.1204
670	1	12	8	4	0	0	4	4	4	0	0	0	0	18.3987
672	1	11	8	2	1	0	4	4	3	0	0	0	0	19.6585
679	1	13	7	5	1	0	4	4	5	0	0	0	0	17.9183
685	1	12	2	8	2	0	4	4	4	0	0	0	0	14.8605
690	1	13	8	5	0	0	4	4	5	0	0	0	0	17.3236
693	1	11	7	2	2	0	4	4	3	0	0	0	0	18.9263
695	1	11	6	5	0	0	4	4	3	0	0	0	0	16.5981
701	1	12	8	3	1	0	4	4	4	0	0	0	0	18.9611
705	1	12	8	4	0	0	5	2	5	0	0	0	0	17.9234
717	2	13	5	8	0	0	4	4	5	0	0	0	0	14.1038
742	2	12	5	7	0	0	4	4	4	0	0	0	0	14.3099
748	2	12	5	7	0	0	4	4	4	0	0	0	0	13.3733
751	2	13	4	5	4	0	4	4	5	0	0	0	0	13.4676
755	2	11	4	4	3	0	4	4	3	0	0	0	0	12.3394
756	2	13	4	8	1	0	5	2	6	0	0	0	0	13.3992
762	2	10	3	7	0	0	4	4	2	0	0	0	0	13.372
768	2	10	6	4	0	0	4	4	2	0	0	0	0	13.9918
771	2	12	9	3	0	0	4	4	4	0	0	0	0	14.9121
782	2	12	4	7	1	0	4	4	4	0	0	0	0	13.21
786	2	11	6	5	0	0	4	4	3	0	0	0	0	13.0972
793	2	11	7	4	0	0	4	4	3	0	0	0	0	14.5152
794	2	10	7	2	1	0	4	4	2	0	0	0	0	15.5786
796	2	12	6	6	0	0	4	4	4	0	0	0	0	13.2387
805	2	11	5	5	1	0	4	4	3	0	0	0	0	13.5629
808	2	11	8	3	0	0	4	4	3	0	0	0	0	15.7273
813	2	12	5	6	1	0	4	4	4	0	0	0	0	14.045
816	2	13	4	6	3	0	5	2	6	0	0	0	0	13.6743
818	2	13	7	6	0	0	4	4	5	0	0	0	0	13.2012
828	2	11	8	3	0	0	4	4	3	0	0	0	0	15.5991
830	2	12	4	7	1	0	4	4	4	0	0	0	0	12.7011
835	2	12	6	6	0	0	4	4	4	0	0	0	0	12.7922
853	2	11	4	5	2	0	4	4	3	0	0	0	0	13.0821
859	2	11	5	6	0	0	4	4	3	0	0	0	0	12.9863
872	2	12	7	4	1	0	4	4	4	0	0	0	0	13.9135
876	2	13	9	3	1	0	4	4	5	0	0	0	0	14.9981
878	2	11	8	3	0	0	4	4	3	0	0	0	0	15.9048
892	2	12	6	6	0	0	4	4	4	0	0	0	0	13.9626
905	2	11	6	4	1	0	4	4	3	0	0	0	0	14.9851
907	2	10	5	5	0	0	5	2	3	0	0	0	0	13.7069
912	2	11	9	2	0	0	4	4	3	0	0	0	0	15.3763
918	2	12	8	4	0	0	4	4	4	0	0	0	0	15.5027
925	2	13	8	4	1	0	5	2	6	0	0	0	0	14.8692
934	2	10	5	5	0	0	5	2	3	0	0	0	0	13.1623
935	2	11	6	5	0	0	4	4	3	0	0	0	0	14.5785
938	2	14	4	10	0	0	4	4	6	0	0	0	0	12.945
947	2	12	8	4	0	0	5	2	5	0	0	0	0	13.9815
948	2	11	3	8	0	0	4	4	3	0	0	0	0	14.1316
951	2	10	5	4	1	0	4	4	2	0	0	0	0	13.2133
952	2	11	9	2	0	0	4	4	3	0	0	0	0	15.3205
959	2	12	8	4	0	0	4	4	4	0	0	0	0	16.6283
963	2	12	6	5	1	0	4	4	4	0	0	0	0	14.1232
972	2	13	5	7	1	0	4	4	5	0	0	0	0	13.335
975	2	12	6	6	0	0	5	2	5	0	0	0	0	13.6942
982	2	12	4	8	0	0	4	4	4	0	0	0	0	12.7602
989	2	13	6	7	0	0	4	4	5	0	0	0	0	13.7399
1001	2	12	6	5	1	0	4	4	4	0	0	0	0	13.7105
1002	2	10	7	3	0	0	4	4	2	0	0	0	0	14.7898
1011	2	12	7	5	0	0	4	4	4	0	0	0	0	13.6543
1018	2	13	5	8	0	0	4	4	5	0	0	0	0	13.3401
1022	2	11	9	2	0	0	4	4	3	0	0	0	0	16.2041
1024	2	12	6	6	0	0	5	2	5	0	0	0	0	13.7017
1026	2	12	7	4	1	0	4	4	4	0	0	0	0	13.8359
1027	2	12	6	5	1	0	4	4	4	0	0	0	0	14.079
1033	2	12	8	3	1	0	5	2	5	0	0	0	0	15.1758
1042	2	13	7	5	1	0	4	4	5	0	0	0	0	13.9571
1044	2	12	8	4	0	0	4	4	4	0	0	0	0	15.175
1047	2	11	6	4	1	0	4	4	3	0	0	0	0	15.5764
1050	2	12	5	7	0	0	5	2	5	0	0	0	0	13.8708
1052	2	12	5	7	0	0	4	4	4	0	0	0	0	14.3822
1054	2	11	2	9	0	0	4	4	3	0	0	0	0	11.4047
1071	2	11	7	3	1	0	4	4	3	0	0	0	0	14.7708
1080	2	14	4	9	1	0	4	4	6	0	0	0	0	13.4027
1081	2	12	8	3	1	0	4	4	4	0	0	0	0	14.8025
1082	2	12	6	6	0	0	4	4	4	0	0	0	0	14.4541
1086	2	11	4	7	0	0	4	4	3	0	0	0	0	12.7127
1087	2	12	7	5	0	0	4	4	4	0	0	0	0	14.5815
1101	2	11	6	3	2	0	4	4	3	0	0	0	0	13.7556
1122	2	11	8	2	1	0	4	4	3	0	0	0	0	16.2128
1127	2	12	5	6	1	0	5	2	5	0	0	0	0	13.2696
1141	2	11	6	5	0	0	4	4	3	0	0	0	0	14.3683
1152	2	11	8	3	0	0	4	4	3	0	0	0	0	14.7704
1155	2	11	7	4	0	0	4	4	3	0	0	0	0	16.0686
1160	2	13	4	9	0	0	4	4	5	0	0	0	0	12.1052
1164	2	12	7	4	1	0	4	4	4	0	0	0	0	14.3826
1175	2	11	3	7	1	0	4	4	3	0	0	0	0	13.1908
1192	2	13	3	10	0	0	4	4	5	0	0	0	0	11.1451
1196	2	13	7	6	0	0	4	4	5	0	0	0	0	14.1858
1200	2	13	8	5	0	0	5	2	6	0	0	0	0	15.2397
1204	2	11	7	3	1	0	4	4	3	0	0	0	0	15.0566
1205	2	11	7	4	0	0	4	4	3	0	0	0	0	14.5906
1207	2	11	6	5	0	0	4	4	3	0	0	0	0	13.971
1212	2	12	6	5	1	0	5	2	5	0	0	0	0	13.7557
1214	2	14	5	9	0	0	4	4	6	0	0	0	0	13.3244
1217	2	12	4	7	1	0	4	4	4	0	0	0	0	12.862
1231	2	10	6	3	1	0	4	4	2	0	0	0	0	15.293
1232	2	11	8	3	0	0	4	4	3	0	0	0	0	15.4568
1233	2	13	7	6	0	0	4	4	5	0	0	0	0	13.6814
1247	2	12	6	6	0	0	4	4	4	0	0	0	0	15.1652
1249	2	12	5	6	1	0	4	4	4	0	0	0	0	13.6597
1254	2	12	4	6	2	0	4	4	4	0	0	0	0	13.5936
1258	2	11	5	6	0	0	4	4	3	0	0	0	0	13.9764
1259	2	10	6	4	0	0	4	4	2	0	0	0	0	13.9407
1264	2	12	4	7	1	0	4	4	4	0	0	0	0	12.9546
1271	2	11	7	2	2	0	4	4	3	0	0	0	0	15.2934
1274	2	11	5	5	1	0	4	4	3	0	0	0	0	14.1712
1284	2	11	5	6	0	0	4	4	3	0	0	0	0	14.0699
1287	2	11	5	6	0	0	4	4	3	0	0	0	0	14.1408
1290	2	12	4	6	2	0	4	4	4	0	0	0	0	12.5614
1293	2	12	6	5	1	0	4	4	4	0	0	0	0	14.5119
1303	2	13	5	7	1	0	4	4	5	0	0	0	0	13.1122
1306	2	12	8	3	1	0	5	2	5	0	0	0	0	15.6993
1307	2	11	6	5	0	0	4	4	3	0	0	0	0	12.9414
1316	2	12	5	6	1	0	5	2	5	0	0	0	0	14.2273
1318	2	12	7	4	1	0	4	4	4	0	0	0	0	14.5163
1321	2	14	5	9	0	0	4	4	6	0	0	0	0	12.4448
1322	2	12	9	3	0	0	4	4	4	0	0	0	0	15.9365
1330	2	12	4	8	0	0	5	2	5	0	0	0	0	13.9514
1335	2	11	6	5	0	0	4	4	3	0	0	0	0	13.7158
1343	2	12	7	5	0	0	4	4	4	0	0	0	0	14.1152
1350	2	12	8	3	1	0	4	4	4	0	0	0	0	14.7654
1353	2	11	6	4	1	0	4	4	3	0	0	0	0	13.9216
1354	2	13	7	4	2	0	4	4	5	0	0	0	0	14.5611
1363	3	13	8	5	0	0	4	4	5	0	0	0	0	16.1842
1369	3	12	8	4	0	0	4	4	4	0	0	0	0	14.7332
1371	3	11	6	5	0	0	4	4	3	0	0	0	0	14.623
1372	3	13	5	7	1	0	5	2	6	0	0	0	0	13.7472
1374	3	14	8	6	0	0	4	4	6	0	0	0	0	16.5226
1377	3	13	6	6	1	0	4	4	5	0	0	0	0	14.7597
1379	3	12	5	5	2	0	5	2	5	0	0	0	0	14.8562
1411	3	14	6	7	1	0	4	4	6	0	0	0	0	14.3837
1420	3	12	7	5	0	0	4	4	4	0	0	0	0	14.9526
1422	3	13	8	5	0	0	4	4	5	0	0	0	0	15.3443
1423	3	11	8	2	1	0	4	4	3	0	0	0	0	17.026
Icosahedra-like: 182
1	1	12	7	5	0	0	2	8	2	0	0	0	0	17.8864
3	1	12	6	5	1	0	2	8	2	0	0	0	0	16.4539
7	1	12	6	5	1	0	2	8	2	0	0	0	0	17.9898
11	1	12	4	7	1	0	0	12	0	0	0	0	0	14.9429
24	1	12	8	4	0	0	0	12	0	0	0	0	0	17.7843
30	1	12	5	7	0	0	0	12	0	0	0	0	0	17.1991
32	1	12	7	4	1	0	2	8	2	0	0	0	0	17.7525
36	1	12	7	5	0	0	0	12	0	0	0	0	0	17.445
63	1	12	8	4	0	0	0	12	0	0	0	0	0	18.2126
71	1	12	7	4	1	0	2	8	2	0	0	0	0	17.2278
72	1	12	8	4	0	0	2	8	2	0	0	0	0	16.4502
75	1	12	7	4	1	0	0	12	0	0	0	0	0	17.07
88	1	12	8	4	0	0	2	8	2	0	0	0	0	17.2524
90	1	12	8	4	0	0	2	8	2	0	0	0	0	17.0954
99	1	12	9	3	0	0	2	8	2	0	0	0	0	18.0221
106	1	12	4	7	1	0	2	8	2	0	0	0	0	15.3089
108	1	12	6	6	0	0	0	12	0	0	0	0	0	17.3472
113	1	12	7	4	1	0	2	8	2	0	0	0	0	17.7363
123	1	12	6	5	1	0	2	8	2	0	0	0	0	17.9095
150	1	12	5	7	0	0	2	8	2	0	0	0	0	18.1312
159	1	12	6	5	1	0	2	8	2	0	0	0	0	17.1129
162	1	12	7	5	0	0	2	8	2	0	0	0	0	18.3802
164	1	12	6	5	1	0	2	8	2	0	0	0	0	16.1839
168	1	12	7	3	2	0	2	8	2	0	0	0	0	17.5143
189	1	12	8	3	1	0	0	12	0	0	0	0	0	18.3978
200	1	12	7	5	0	0	2	8	2	0	0	0	0	16.2255
207	1	12	7	4	1	0	2	8	2	0	0	0	0	17.051
258	1	12	7	5	0	0	2	8	2	0	0	0	0	17.5027
270	1	12	8	3	1	0	0	12	0	0	0	0	0	18.0971
271	1	12	6	5	1	0	0	12	0	0	0	0	0	15.7881
281	1	12	4	8	0	0	2	8	2	0	0	0	0	16.6807
297	1	12	7	5	0	0	2	8	2	0	0	0	0	17.775
318	1	12	8	3	1	0	2	8	2	0	0	0	0	18.5998
324	1	12	8	3	1	0	2	8	2	0	0	0	0	17.0107
340	1	12	7	5	0	0	2	8	2	0	0	0	0	18.7494
347	1	12	5	7	0	0	2	8	2	0	0	0	0	16.2953
362	1	12	8	4	0	0	2	8	2	0	0	0	0	18.3873
374	1	12	7	5	0	0	0	12	0	0	0	0	0	17.8192
383	1	12	9	3	0	0	2	8	2	0	0	0	0	17.898
390	1	12	8	3	1	0	2	8	2	0	0	0	0	18.6203
403	1	12	8	3	1	0	0	12	0	0	0	0	0	20.0031
441	1	12	7	5	0	0	0	12	0	0	0	0	0	16.8107
446	1	12	6	5	1	0	2	8	2	0	0	0	0	16.7338
460	1	12	8	4	0	0	2	8	2	0	0	0	0	18.1841
465	1	12	8	4	0	0	2	8	2	0	0	0	0	17.9381
472	1	12	8	4	0	0	2	8	2	0	0	0	0	19.4449
475	1	12	7	5	0	0	2	8	2	0	0	0	0	18.3574
485	1	12	6	6	0	0	2	8	2	0	0	0	0	17.2976
493	1	12	5	6	1	0	2	8	2	0	0	0	0	16.3101
496	1	12	4	8	0	0	2	8	2	0	0	0	0	16.1209
498	1	12	5	7	0	0	2	8	2	0	0	0	0	17.8138
501	1	12	9	3	0	0	0	12	0	0	0	0	0	18.4457
507	1	12	5	5	2	0	2	8	2	0	0	0	0	17.789
573	1	12	9	2	1	0	2	8	2	0	0	0	0	20.5441
576	1	12	9	3	0	0	2	8	2	0	0	0	0	18.4257
588	1	12	9	2	1	0	2	8	2	0	0	0	0	19.7759
602	1	12	10	2	0	0	2	8	2	0	0	0	0	20.5161
615	1	12	9	3	0	0	2	8	2	0	0	0	0	18.1336
631	1	12	8	4	0	0	2	8	2	0	0	0	0	17.3573
637	1	12	7	5	0	0	2	8	2	0	0	0	0	18.7834
653	1	12	6	6	0	0	0	12	0	0	0	0	0	16.257
655	1	12	6	5	1	0	0	12	0	0	0	0	0	15.942
688	1	12	7	4	1	0	2	8	2	0	0	0	0	17.805
703	1	12	7	4	1	0	0	12	0	0	0	0	0	17.1186
709	1	12	8	3	1	0	2	8	2	0	0	0	0	17.6649
721	2	12	6	5	1	0	2	8	2	0	0	0	0	14.1157
723	2	12	4	8	0	0	2	8	2	0	0	0	0	12.1887
724	2	12	7	5	0	0	2	8	2	0	0	0	0	14.487
725	2	12	8	4	0	0	2	8	2	0	0	0	0	16.2084
737	2	12	6	5	1	0	2	8	2	0	0	0	0	14.6418
738	2	12	7	5	0	0	2	8	2	0	0	0	0	14.1252
739	2	12	4	8	0	0	2	8	2	0	0	0	0	12.9373
746	2	12	6	5	1	0	2	8	2	0	0	0	0	14.6069
747	2	12	8	4	0	0	2	8	2	0	0	0	0	14.4529
749	2	12	8	3	1	0	2	8	2	0	0	0	0	14.2774
764	2	12	8	3	1	0	0	12	0	0	0	0	0	14.0173
767	2	12	5	5	2	0	2	8	2	0	0	0	0	13.2471
788	2	12	5	7	0	0	2	8	2	0	0	0	0	12.7981
802	2	12	7	5	0	0	2	8	2	0	0	0	0	14.5215
806	2	12	7	5	0	0	0	12	0	0	0	0	0	14.6833
814	2	12	8	4	0	0	2	8	2	0	0	0	0	15.3954
819	2	12	5	7	0	0	0	12	0	0	0	0	0	12.633
825	2	12	7	4	1	0	2	8	2	0	0	0	0	14.8738
829	2	12	6	5	1	0	2	8	2	0	0	0	0	14.4249
847	2	12	5	7	0	0	0	12	0	0	0	0	0	12.9952
856	2	12	5	7	0	0	2	8	2	0	0	0	0	14.2499
863	2	12	7	5	0	0	2	8	2	0	0	0	0	13.5552
874	2	12	8	3	1	0	0	12	0	0	0	0	0	14.8852
879	2	12	8	4	0	0	0	12	0	0	0	0	0	14.4133
881	2	12	4	8	0	0	2	8	2	0	0	0	0	13.3412
886	2	12	6	6	0	0	2	8	2	0	0	0	0	13.6783
894	2	12	4	7	1	0	2	8	2	0	0	0	0	11.7026
897	2	12	9	3	0	0	2	8	2	0	0	0	0	15.0631
902	2	12	6	6	0	0	2	8	2	0	0	0	0	13.759
908	2	12	8	4	0	0	0	12	0	0	0	0	0	15.8533
909	2	12	6	5	1	0	2	8	2	0	0	0	0	14.8027
910	2	12	7	5	0	0	2	8	2	0	0	0	0	14.5954
911	2	12	8	3	1	0	2	8	2	0	0	0	0	16.0734
914	2	12	7	4	1	0	2	8	2	0	0	0	0	14.1276
929	2	12	11	1	0	0	2	8	2	0	0	0	0	16.6887
941	2	12	7	5	0	0	2	8	2	0	0	0	0	14.0177
945	2	12	7	5	0	0	0	12	0	0	0	0	0	14.7631
949	2	12	8	4	0	0	2	8	2	0	0	0	0	14.711
968	2	12	5	7	0	0	0	12	0	0	0	0	0	12.5585
970	2	12	4	5	3	0	0	12	0	0	0	0	0	12.6396
971	2	12	8	4	0	0	2	8	2	0	0	0	0	16.4053
976	2	12	9	3	0	0	0	12	0	0	0	0	0	14.5554
979	2	12	6	5	1	0	2	8	2	0	0	0	0	13.4376
994	2	12	6	5	1	0	2	8	2	0	0	0	0	13.3023
1003	2	12	7	4	1	0	2	8	2	0	0	0	0	14.7327
1005	2	12	5	6	1	0	2	8	2	0	0	0	0	13.0886
1008	2	12	7	5	0	0	0	12	0	0	0	0	0	14.561
1009	2	12	7	4	1	0	2	8	2	0	0	0	0	14.4614
1013	2	12	9	3	0	0	0	12	0	0	0	0	0	14.7395
1021	2	12	4	7	1	0	2	8	2	0	0	0	0	13.3974
1032	2	12	7	3	2	0	2	8	2	0	0	0	0	15.0675
1034	2	12	9	3	0	0	0	12	0	0	0	0	0	15.3145
1035	2	12	6	6	0	0	2	8	2	0	0	0	0	13.6733
1037	2	12	8	4	0	0	0	12	0	0	0	0	0	15.1828
1038	2	12	6	6	0	0	2	8	2	0	0	0	0	13.8554
1040	2	12	5	5	2	0	2	8	2	0	0	0	0	12.6757
1043	2	12	5	7	0	0	2	8	2	0	0	0	0	14.2786
1061	2	12	7	5	0	0	2	8	2	0	0	0	0	13.9175
1062	2	12	7	5	0	0	2	8	2	0	0	0	0	14.6647
1068	2	12	7	4	1	0	0	12	0	0	0	0	0	13.4691
1075	2	12	5	7	0	0	2	8	2	0	0	0	0	13.5776
1083	2	12	2	8	2	0	2	8	2	0	0	0	0	12.2621
1097	2	12	6	6	0	0	2	8	2	0	0	0	0	14.5393
1098	2	12	8	2	2	0	0	12	0	0	0	0	0	15.3163
1099	2	12	8	4	0	0	2	8	2	0	0	0	0	14.9158
1108	2	12	9	3	0	0	2	8	2	0	0	0	0	15.6042
1113	2	12	6	6	0	0	2	8	2	0	0	0	0	15.2479
1115	2	12	6	5	1	0	0	12	0	0	0	0	0	13.837
1116	2	12	8	4	0	0	0	12	0	0	0	0	0	14.8026
1121	2	12	5	6	1	0	0	12	0	0	0	0	0	13.2051
1134	2	12	7	5	0	0	2	8	2	0	0	0	0	14.6936
1146	2	12	4	7	1	0	2	8	2	0	0	0	0	13.195
1161	2	12	8	4	0	0	0	12	0	0	0	0	0	14.9044
1166	2	12	7	4	1	0	0	12	0	0	0	0	0	14.3531
1170	2	12	6	6	0	0	2	8	2	0	0	0	0	13.9873
1172	2	12	6	5	1	0	2	8	2	0	0	0	0	13.8355
1176	2	12	4	7	1	0	2	8	2	0	0	0	0	13.3091
1186	2	12	5	6	1	0	2	8	2	0	0	0	0	13.8189
1187	2	12	5	7	0	0	0	12	0	0	0	0	0	12.4987
1191	2	12	4	8	0	0	2	8	2	0	0	0	0	13.4466
1215	2	12	5	5	2	0	0	12	0	0	0	0	0	13.2029
1216	2	12	5	6	1	0	0	12	0	0	0	0	0	13.2651
1228	2	12	5	6	1	0	2	8	2	0	0	0	0	13.6671
1234	2	12	8	3	1	0	2	8	2	0	0	0	0	14.8524
1235	2	12	3	8	1	0	2	8	2	0	0	0	0	12.489
1263	2	12	7	5	0	0	0	12	0	0	0	0	0	14.4025
1267	2	12	5	6	1	0	0	12	0	0	0	0	0	13.0386
1272	2	12	8	4	0	0	2	8	2	0	0	0	0	15.8556
1278	2	12	3	8	1	0	0	12	0	0	0	0	0	12.7362
1279	2	12	6	5	1	0	2	8	2	0	0	0	0	14.5995
1281	2	12	5	6	1	0	2	8	2	0	0	0	0	13.6176
1297	2	12	7	4	1	0	2	8	2	0	0	0	0	14.1528
1304	2	12	6	6	0	0	0	12	0	0	0	0	0	12.5988
1308	2	12	7	5	0	0	2	8	2	0	0	0	0	14.5004
1313	2	12	7	4	1	0	2	8	2	0	0	0	0	15.6488
1317	2	12	6	5	1	0	2	8	2	0	0	0	0	14.079
1319	2	12	7	4	1	0	0	12	0	0	0	0	0	14.9284
1324	2	12	7	2	3	0	2	8	2	0	0	0	0	15.5141
1325	2	12	6	6	0	0	2	8	2	0	0	0	0	13.9611
1329	2	12	6	5	1	0	0	12	0	0	0	0	0	13.4827
1337	2	12	6	5	1	0	2	8	2	0	0	0	0	13.3187
1338	2	12	6	5	1	0	2	8	2	0	0	0	0	13.5318
1352	2	12	6	6	0	0	0	12	0	0	0	0	0	15.1227
1361	3	12	6	6	0	0	0	12	0	0	0	0	0	15.533
1362	3	12	5	7	0	0	0	12	0	0	0	0	0	13.7837
1368	3	12	5	6	1	0	2	8	2	0	0	0	0	14.0241
1375	3	12	5	6	1	0	0	12	0	0	0	0	0	14.2076
1385	3	12	8	2	2	0	0	12	0	0	0	0	0	17.1514
1386	3	12	7	5	0	0	0	12	0	0	0	0	0	14.8339
1389	3	12	4	8	0	0	0	12	0	0	0	0	0	13.0571
1390	3	12	8	4	0	0	2	8	2	0	0	0	0	15.1311
1391	3	12	6	5	1	0	2	8	2	0	0	0	0	14.5694
1400	3	12	6	6	0	0	2	8	2	0	0	0	0	14.8796
1401	3	12	7	5	0	0	2	8	2	0	0	0	0	15.123
1402	3	12	6	6	0	0	2	8	2	0	0	0	0	14.8576
1413	3	12	5	5	2	0	2	8	2	0	0	0	0	13.7087
1414	3	12	7	5	0	0	2	8	2	0	0	0	0	14.7887
Mixed: 385
4	1	11	6	5	0	0	3	6	2	0	0	0	0	17.8137
8	1	13	6	5	2	0	3	6	4	0	0	0	0	16.7567
17	1	14	9	4	1	0	3	6	5	0	0	0	0	18.6122
18	1	14	6	7	1	0	3	6	5	0	0	0	0	17.0002
20	1	13	8	5	0	0	3	6	4	0	0	0	0	16.5593
21	1	14	5	8	1	0	3	6	5	0	0	0	0	17.6082
27	1	12	7	5	0	0	3	6	3	0	0	0	0	17.3315
34	1	13	9	3	1	0	3	6	4	0	0	0	0	18.5267
37	1	12	5	7	0	0	3	6	3	0	0	0	0	16.6343
39	1	11	6	5	0	0	3	6	2	0	0	0	0	17.1924
40	1	12	9	3	0	0	3	6	3	0	0	0	0	19.3306
41	1	13	8	4	1	0	3	6	4	0	0	0	0	18.0341
44	1	13	6	6	1	0	3	6	4	0	0	0	0	17.0342
47	1	14	9	5	0	0	3	6	5	0	0	0	0	19.0501
48	1	13	9	4	0	0	3	6	4	0	0	0	0	19.1554
50	1	13	8	3	2	0	3	6	4	0	0	0	0	16.8005
52	1	12	6	4	2	0	3	6	3	0	0	0	0	16.7264
53	1	13	8	5	0	0	3	6	4	0	0	0	0	18.2545
54	1	12	7	5	0	0	3	6	3	0	0	0	0	17.9844
55	1	14	7	7	0	0	3	6	5	0	0	0	0	16.7774
57	1	12	6	6	0	0	3	6	3	0	0	0	0	17.0546
61	1	13	8	4	1	0	3	6	4	0	0	0	0	17.9375
62	1	13	5	6	2	0	3	6	4	0	0	0	0	17.1881
64	1	12	8	4	0	0	3	6	3	0	0	0	0	16.7687
70	1	13	8	5	0	0	3	6	4	0	0	0	0	18.9343
73	1	13	4	7	2	0	3	6	4	0	0	0	0	16.4132
77	1	14	5	9	0	0	3	6	5	0	0	0	0	16.6006
95	1	13	8	5	0	0	3	6	4	0	0	0	0	17.1115
98	1	12	8	3	1	0	3	6	3	0	0	0	0	17.7483
104	1	13	7	6	0	0	3	6	4	0	0	0	0	17.5673
111	1	13	6	6	1	0	3	6	4	0	0	0	0	18.0419
115	1	13	7	4	2	0	3	6	4	0	0	0	0	18.787
118	1	12	9	3	0	0	3	6	3	0	0	0	0	17.6249
119	1	15	6	8	1	0	3	6	6	0	0	0	0	17.944
129	1	12	7	4	1	0	3	6	3	0	0	0	0	18.2156
132	1	12	5	7	0	0	3	6	3	0	0	0	0	16.2632
138	1	12	5	7	0	0	3	6	3	0	0	0	0	15.5888
144	1	15	5	10	0	0	3	6	6	0	0	0	0	18.8195
145	1	13	8	5	0	0	3	6	4	0	0	0	0	18.1892
158	1	13	6	5	2	0	3	6	4	0	0	0	0	18.2867
165	1	14	7	6	1	0	3	6	5	0	0	0	0	18.2751
175	1	13	6	4	3	0	3	6	4	0	0	0	0	16.8666
177	1	13	7	6	0	0	3	6	4	0	0	0	0	18.1874
184	1	14	3	10	1	0	3	6	5	0	0	0	0	16.5437
185	1	13	8	3	2	0	3	6	4	0	0	0	0	17.8054
186	1	12	7	4	1	0	3	6	3	0	0	0	0	20.2486
194	1	13	5	7	1	0	3	6	4	0	0	0	0	16.6172
199	1	13	5	8	0	0	3	6	4	0	0	0	0	16.2681
206	1	13	7	5	1	0	3	6	4	0	0	0	0	18.396
208	1	13	10	3	0	0	3	6	4	0	0	0	0	19.035
209	1	13	8	4	1	0	3	6	4	0	0	0	0	18.934
215	1	14	5	8	1	0	3	6	5	0	0	0	0	16.8683
219	1	13	8	5	0	0	3	6	4	0	0	0	0	17.1179
229	1	13	8	4	1	0	3	6	4	0	0	0	0	17.4152
230	1	13	6	6	1	0	3	6	4	0	0	0	0	17.2362
233	1	13	3	6	4	0	3	6	4	0	0	0	0	17.5242
239	1	12	5	6	1	0	3	6	3	0	0	0	0	18.2283
241	1	12	5	7	0	0	3	6	3	0	0	0	0	16.6703
250	1	14	8	6	0	0	3	6	5	0	0	0	0	17.4706
252	1	13	5	8	0	0	3	6	4	0	0	0	0	15.5831
259	1	12	8	4	0	0	3	6	3	0	0	0	0	17.7472
260	1	12	10	2	0	0	3	6	3	0	0	0	0	17.6993
263	1	13	7	5	1	0	3	6	4	0	0	0	0	17.5388
264	1	11	7	4	0	0	3	6	2	0	0	0	0	19.4833
269	1	13	5	6	2	0	3	6	4	0	0	0	0	17.7929
276	1	11	8	3	0	0	3	6	2	0	0	0	0	18.332
277	1	14	8	5	1	0	3	6	5	0	0	0	0	17.7584
282	1	13	6	5	2	0	3	6	4	0	0	0	0	17.7662
286	1	11	8	3	0	0	3	6	2	0	0	0	0	18.736
287	1	13	5	5	3	0	3	6	4	0	0	0	0	17.9473
296	1	13	7	6	0	0	3	6	4	0	0	0	0	16.7027
303	1	11	9	2	0	0	3	6	2	0	0	0	0	18.6084
307	1	13	7	6	0	0	3	6	4	0	0	0	0	17.0705
309	1	12	7	4	1	0	3	6	3	0	0	0	0	17.3364
317	1	12	4	4	4	0	3	6	3	0	0	0	0	17.0479
323	1	12	7	5	0	0	3	6	3	0	0	0	0	16.3919
325	1	11	8	3	0	0	3	6	2	0	0	0	0	19.7742
330	1	11	5	6	0	0	3	6	2	0	0	0	0	16.8685
331	1	12	8	4	0	0	3	6	3	0	0	0	0	19.0658
334	1	11	8	3	0	0	3	6	2	0	0	0	0	19.4863
335	1	13	7	6	0	0	3	6	4	0	0	0	0	16.2977
338	1	12	8	4	0	0	3	6	3	0	0	0	0	18.9504
351	1	13	9	4	0	0	3	6	4	0	0	0	0	17.6762
354	1	15	7	8	0	0	3	6	6	0	0	0	0	17.6963
363	1	12	8	4	0	0	3	6	3	0	0	0	0	18.1604
366	1	14	4	8	2	0	3	6	5	0	0	0	0	16.862
369	1	14	4	8	2	0	3	6	5	0	0	0	0	16.4721
376	1	13	6	6	1	0	3	6	4	0	0	0	0	17.2115
378	1	13	10	3	0	0	3	6	4	0	0	0	0	19.3523
379	1	13	7	6	0	0	3	6	4	0	0	0	0	17.4286
386	1	12	6	6	0	0	3	6	3	0	0	0	0	16.9389
388	1	12	6	6	0	0	3	6	3	0	0	0	0	16.4588
392	1	11	7	4	0	0	3	6	2	0	0	0	0	18.6297
393	1	12	7	5	0	0	3	6	3	0	0	0	0	17.0362
396	1	11	7	4	0	0	3	6	2	0	0	0	0	17.975
401	1	13	9	4	0	0	3	6	4	0	0	0	0	17.3832
402	1	12	5	4	3	0	3	6	3	0	0	0	0	16.7302
404	1	14	9	5	0	0	3	6	5	0	0	0	0	18.3893
405	1	13	8	5	0	0	3	6	4	0	0	0	0	18.3703
407	1	12	8	4	0	0	3	6	3	0	0	0	0	16.9364
409	1	14	7	4	3	0	3	6	5	0	0	0	0	18.0368
410	1	14	6	8	0	0	3	6	5	0	0	0	0	16.8045
411	1	14	5	8	1	0	3	6	5	0	0	0	0	16.6277
418	1	13	10	3	0	0	3	6	4	0	0	0	0	19.957
421	1	12	5	7	0	0	3	6	3	0	0	0	0	18.1461
422	1	13	6	5	2	0	3	6	4	0	0	0	0	17.8505
424	1	13	9	3	1	0	3	6	4	0	0	0	0	18.9295
427	1	12	9	3	0	0	3	6	3	0	0	0	0	18.2358
432	1	13	5	7	1	0	3	6	4	0	0	0	0	16.4108
433	1	12	6	6	0	0	3	6	3	0	0	0	0	17.9984
434	1	12	7	4	1	0	3	6	3	0	0	0	0	18.3623
436	1	13	7	6	0	0	3	6	4	0	0	0	0	17.6095
438	1	13	7	6	0	0	3	6	4	0	0	0	0	17.294
440	1	14	5	9	0	0	3	6	5	0	0	0	0	16.749
448	1	14	7	6	1	0	3	6	5	0	0	0	0	18.2765
450	1	12	4	7	1	0	3	6	3	0	0	0	0	17.425
458	1	12	9	3	0	0	3	6	3	0	0	0	0	18.6081
466	1	14	8	5	1	0	3	6	5	0	0	0	0	18.6674
468	1	13	8	5	0	0	3	6	4	0	0	0	0	17.7344
473	1	13	6	6	1	0	3	6	4	0	0	0	0	17.5345
486	1	12	10	2	0	0	3	6	3	0	0	0	0	18.9616
489	1	13	7	5	1	0	3	6	4	0	0	0	0	17.3824
500	1	13	6	6	1	0	3	6	4	0	0	0	0	17.3337
505	1	12	7	3	2	0	3	6	3	0	0	0	0	18.7112
509	1	12	7	4	1	0	3	6	3	0	0	0	0	17.8262
512	1	12	8	4	0	0	3	6	3	0	0	0	0	17.273
517	1	14	7	7	0	0	3	6	5	0	0	0	0	18.7817
520	1	12	6	6	0	0	3	6	3	0	0	0	0	16.1426
523	1	13	10	3	0	0	3	6	4	0	0	0	0	18.3847
524	1	13	9	4	0	0	3	6	4	0	0	0	0	17.8847
526	1	13	7	6	0	0	3	6	4	0	0	0	0	16.8084
527	1	12	7	5	0	0	3	6	3	0	0	0	0	17.8866
531	1	12	3	7	2	0	3	6	3	0	0	0	0	17.5075
532	1	14	7	5	2	0	3	6	5	0	0	0	0	18.3888
537	1	11	10	1	0	0	3	6	2	0	0	0	0	18.0912
539	1	13	10	3	0	0	3	6	4	0	0	0	0	17.5745
542	1	12	7	4	1	0	3	6	3	0	0	0	0	17.2746
545	1	11	9	2	0	0	3	6	2	0	0	0	0	18.7334
547	1	14	6	7	1	0	3	6	5	0	0	0	0	16.0979
549	1	12	5	5	2	0	3	6	3	0	0	0	0	18.3362
557	1	13	8	4	1	0	3	6	4	0	0	0	0	18.7956
558	1	12	10	2	0	0	3	6	3	0	0	0	0	19.2634
560	1	12	6	6	0	0	3	6	3	0	0	0	0	17.8295
564	1	16	6	10	0	0	3	6	7	0	0	0	0	17.4164
574	1	13	6	6	1	0	3	6	4	0	0	0	0	16.7821
575	1	13	9	3	1	0	3	6	4	0	0	0	0	18.8754
578	1	14	9	5	0	0	3	6	5	0	0	0	0	18.7299
579	1	11	8	3	0	0	3	6	2	0	0	0	0	19.963
585	1	14	7	7	0	0	3	6	5	0	0	0	0	18.1339
586	1	13	5	8	0	0	3	6	4	0	0	0	0	16.6876
589	1	14	6	6	2	0	3	6	5	0	0	0	0	16.7592
591	1	12	8	4	0	0	3	6	3	0	0	0	0	19.1553
598	1	13	9	4	0	0	3	6	4	0	0	0	0	18.4586
607	1	13	6	7	0	0	3	6	4	0	0	0	0	20.002
610	1	13	7	6	0	0	3	6	4	0	0	0	0	17.0507
613	1	13	7	3	3	0	3	6	4	0	0	0	0	18.3587
621	1	13	5	5	3	0	3	6	4	0	0	0	0	16.8314
625	1	13	9	4	0	0	3	6	4	0	0	0	0	18.6499
627	1	13	9	4	0	0	3	6	4	0	0	0	0	17.1319
634	1	12	6	6	0	0	3	6	3	0	0	0	0	17.3322
640	1	12	4	7	1	0	3	6	3	0	0	0	0	16.0352
642	1	13	5	8	0	0	3	6	4	0	0	0	0	15.7472
646	1	12	7	5	0	0	3	6	3	0	0	0	0	17.9643
648	1	15	8	5	2	0	3	6	6	0	0	0	0	18.8333
662	1	12	8	4	0	0	3	6	3	0	0	0	0	19.4171
673	1	14	8	3	3	0	3	6	5	0	0	0	0	18.7724
675	1	12	7	5	0	0	3	6	3	0	0	0	0	17.6655
676	1	13	10	3	0	0	3	6	4	0	0	0	0	18.4262
677	1	13	5	6	2	0	3	6	4	0	0	0	0	15.7587
681	1	13	4	8	1	0	3	6	4	0	0	0	0	16.2958
684	1	13	5	8	0	0	3	6	4	0	0	0	0	16.3304
686	1	12	10	2	0	0	3	6	3	0	0	0	0	18.3728
696	1	13	6	7	0	0	3	6	4	0	0	0	0	16.913
710	1	13	8	5	0	0	3	6	4	0	0	0	0	18.5708
711	1	13	6	7	0	0	3	6	4	0	0	0	0	16.5317
715	2	13	6	7	0	0	3	6	4	0	0	0	0	13.7873
720	2	10	7	2	1	0	3	6	1	0	0	0	0	14.6756
735	2	12	5	6	1	0	3	6	3	0	0	0	0	13.282
736	2	10	7	2	1	0	3	6	1	0	0	0	0	14.1056
741	2	13	5	8	0	0	3	6	4	0	0	0	0	12.4449
743	2	13	5	8	0	0	3	6	4	0	0	0	0	13.1512
745	2	11	5	5	1	0	3	6	2	0	0	0	0	13.2183
750	2	10	5	4	1	0	3	6	1	0	0	0	0	14.015
752	2	12	7	5	0	0	3	6	3	0	0	0	0	14.842
753	2	12	5	5	2	0	3	6	3	0	0	0	0	13.6929
758	2	10	7	2	1	0	3	6	1	0	0	0	0	15.1827
759	2	12	5	7	0	0	3	6	3	0	0	0	0	13.4493
761	2	12	7	4	1	0	3	6	3	0	0	0	0	14.2825
765	2	11	6	5	0	0	3	6	2	0	0	0	0	14.1634
775	2	12	5	6	1	0	3	6	3	0	0	0	0	13.3587
776	2	12	8	4	0	0	3	6	3	0	0	0	0	14.6377
777	2	12	6	5	1	0	3	6	3	0	0	0	0	14.4364
778	2	14	5	8	1	0	3	6	5	0	0	0	0	14.6988
783	2	12	6	4	2	0	3	6	3	0	0	0	0	14.1626
784	2	12	5	6	1	0	3	6	3	0	0	0	0	13.7221
785	2	13	8	5	0	0	3	6	4	0	0	0	0	13.9183
795	2	12	8	4	0	0	3	6	3	0	0	0	0	14.9709
798	2	12	9	3	0	0	3	6	3	0	0	0	0	15.9164
803	2	12	4	7	1	0	3	6	3	0	0	0	0	13.1245
815	2	11	5	6	0	0	3	6	2	0	0	0	0	12.7101
821	2	12	8	3	1	0	3	6	3	0	0	0	0	15.1201
823	2	13	8	5	0	0	3	6	4	0	0	0	0	14.8466
826	2	14	3	11	0	0	3	6	5	0	0	0	0	13.0613
827	2	12	4	7	1	0	3	6	3	0	0	0	0	13.4974
831	2	12	10	2	0	0	3	6	3	0	0	0	0	15.8144
832	2	13	6	7	0	0	3	6	4	0	0	0	0	14.0503
833	2	13	5	8	0	0	3	6	4	0	0	0	0	12.9807
836	2	11	6	5	0	0	3	6	2	0	0	0	0	13.6698
838	2	12	2	9	1	0	3	6	3	0	0	0	0	11.1588
839	2	12	6	5	1	0	3	6	3	0	0	0	0	14.5215
840	2	10	6	3	1	0	3	6	1	0	0	0	0	14.8832
841	2	12	8	4	0	0	3	6	3	0	0	0	0	15.1041
842	2	12	5	7	0	0	3	6	3	0	0	0	0	13.3374
846	2	12	4	7	1	0	3	6	3	0	0	0	0	12.4192
849	2	11	7	4	0	0	3	6	2	0	0	0	0	14.215
851	2	11	8	3	0	0	3	6	2	0	0	0	0	15.1271
858	2	12	6	4	2	0	3	6	3	0	0	0	0	14.1742
862	2	12	6	6	0	0	3	6	3	0	0	0	0	13.9754
864	2	12	4	7	1	0	3	6	3	0	0	0	0	12.8881
866	2	10	5	5	0	0	3	6	1	0	0	0	0	13.1106
867	2	13	6	7	0	0	3	6	4	0	0	0	0	15.1823
871	2	13	4	9	0	0	3	6	4	0	0	0	0	11.7444
877	2	10	8	1	1	0	3	6	1	0	0	0	0	14.7353
880	2	11	8	3	0	0	3	6	2	0	0	0	0	15.2031
882	2	13	9	4	0	0	3	6	4	0	0	0	0	15.6683
884	2	13	6	6	1	0	3	6	4	0	0	0	0	13.2189
885	2	10	6	4	0	0	3	6	1	0	0	0	0	15.0023
889	2	14	5	8	1	0	3	6	5	0	0	0	0	14.1888
890	2	12	7	4	1	0	3	6	3	0	0	0	0	15.5025
895	2	11	3	8	0	0	3	6	2	0	0	0	0	12.2566
896	2	10	8	2	0	0	3	6	1	0	0	0	0	15.0021
898	2	11	6	4	1	0	3	6	2	0	0	0	0	13.4201
906	2	11	7	1	3	0	3	6	2	0	0	0	0	14.3933
913	2	12	5	7	0	0	3	6	3	0	0	0	0	12.8402
915	2	10	7	3	0	0	3	6	1	0	0	0	0	13.9068
927	2	13	10	3	0	0	3	6	4	0	0	0	0	15.4531
937	2	11	7	4	0	0	3	6	2	0	0	0	0	13.9628
939	2	11	7	4	0	0	3	6	2	0	0	0	0	14.1026
940	2	12	6	5	1	0	3	6	3	0	0	0	0	13.2003
943	2	12	6	6	0	0	3	6	3	0	0	0	0	14.7046
944	2	12	6	5	1	0	3	6	3	0	0	0	0	14.0215
955	2	9	7	2	0	0	3	6	0	0	0	0	0	15.2636
957	2	13	4	9	0	0	3	6	4	0	0	0	0	13.8273
958	2	12	6	6	0	0	3	6	3	0	0	0	0	14.0145
960	2	12	6	4	2	0	3	6	3	0	0	0	0	14.0661
962	2	10	4	6	0	0	3	6	1	0	0	0	0	12.5436
966	2	9	6	2	1	0	3	6	0	0	0	0	0	15.307
973	2	12	7	4	1	0	3	6	3	0	0	0	0	14.5949
974	2	12	6	6	0	0	3	6	3	0	0	0	0	14.2714
977	2	12	6	5	1	0	3	6	3	0	0	0	0	15.3568
978	2	13	4	6	3	0	3	6	4	0	0	0	0	12.5565
985	2	11	4	5	2	0	3	6	2	0	0	0	0	13.5119
991	2	12	5	7	0	0	3	6	3	0	0	0	0	12.8212
993	2	12	5	5	2	0	3	6	3	0	0	0	0	13.625
999	2	10	7	3	0	0	3	6	1	0	0	0	0	14.4929
1000	2	12	4	7	1	0	3	6	3	0	0	0	0	13.0113
1004	2	12	8	4	0	0	3	6	3	0	0	0	0	14.6047
1006	2	12	4	7	1	0	3	6	3	0	0	0	0	13.0546
1012	2	12	7	5	0	0	3	6	3	0	0	0	0	14.8103
1016	2	10	4	6	0	0	3	6	1	0	0	0	0	12.9127
1017	2	11	5	6	0	0	3	6	2	0	0	0	0	13.2841
1028	2	13	4	9	0	0	3	6	4	0	0	0	0	13.1849
1030	2	12	6	5	1	0	3	6	3	0	0	0	0	14.1476
1041	2	10	8	2	0	0	3	6	1	0	0	0	0	14.6009
1045	2	13	7	4	2	0	3	6	4	0	0	0	0	14.2292
1046	2	11	8	3	0	0	3	6	2	0	0	0	0	15.5622
1048	2	12	7	5	0	0	3	6	3	0	0	0	0	14.6872
1049	2	13	5	7	1	0	3	6	4	0	0	0	0	14.6151
1053	2	10	6	4	0	0	3	6	1	0	0	0	0	13.961
1055	2	12	5	5	2	0	3	6	3	0	0	0	0	13.5415
1056	2	12	6	6	0	0	3	6	3	0	0	0	0	13.9246
1057	2	12	6	6	0	0	3	6	3	0	0	0	0	13.5127
1060	2	13	6	6	1	0	3	6	4	0	0	0	0	14.4908
1063	2	9	6	2	1	0	3	6	0	0	0	0	0	13.8951
1070	2	13	5	7	1	0	3	6	4	0	0	0	0	13.8732
1072	2	12	6	5	1	0	3	6	3	0	0	0	0	14.4583
1073	2	12	9	3	0	0	3	6	3	0	0	0	0	15.5513
1088	2	12	3	7	2	0	3	6	3	0	0	0	0	13.1317
1089	2	12	9	2	1	0	3	6	3	0	0	0	0	15.629
1090	2	10	7	2	1	0	3	6	1	0	0	0	0	15.2244
1093	2	12	4	8	0	0	3	6	3	0	0	0	0	13.0894
1095	2	10	6	4	0	0	3	6	1	0	0	0	0	13.5822
1096	2	12	6	5	1	0	3	6	3	0	0	0	0	13.6676
1105	2	11	6	5	0	0	3	6	2	0	0	0	0	15.6848
1106	2	11	7	3	1	0	3	6	2	0	0	0	0	14.9936
1107	2	12	5	6	1	0	3	6	3	0	0	0	0	14.6435
1109	2	12	2	9	1	0	3	6	3	0	0	0	0	13.2583
1111	2	11	6	5	0	0	3	6	2	0	0	0	0	12.6229
1123	2	12	6	6	0	0	3	6	3	0	0	0	0	15.7316
1124	2	9	7	2	0	0	3	6	0	0	0	0	0	14.2818
1126	2	12	4	8	0	0	3	6	3	0	0	0	0	12.0392
1128	2	11	4	6	1	0	3	6	2	0	0	0	0	14.3331
1132	2	10	8	2	0	0	3	6	1	0	0	0	0	14.959
1133	2	13	6	6	1	0	3	6	4	0	0	0	0	15.5542
1138	2	10	7	3	0	0	3	6	1	0	0	0	0	14.1571
1139	2	12	8	4	0	0	3	6	3	0	0	0	0	14.0066
1143	2	13	4	8	1	0	3	6	4	0	0	0	0	13.0838
1147	2	12	4	7	1	0	3	6	3	0	0	0	0	13.4012
1149	2	11	8	2	1	0	3	6	2	0	0	0	0	14.7282
1153	2	13	10	2	1	0	3	6	4	0	0	0	0	16.2881
1154	2	10	8	2	0	0	3	6	1	0	0	0	0	15.9126
1158	2	10	6	2	2	0	3	6	1	0	0	0	0	14.6169
1159	2	11	8	3	0	0	3	6	2	0	0	0	0	14.5594
1162	2	13	7	6	0	0	3	6	4	0	0	0	0	14.4451
1167	2	10	8	1	1	0	3	6	1	0	0	0	0	14.3429
1169	2	10	7	3	0	0	3	6	1	0	0	0	0	14.4111
1171	2	12	6	6	0	0	3	6	3	0	0	0	0	14.0271
1174	2	12	9	3	0	0	3	6	3	0	0	0	0	14.7519
1179	2	13	9	4	0	0	3	6	4	0	0	0	0	15.5307
1184	2	9	7	1	1	0	3	6	0	0	0	0	0	14.6535
1185	2	13	5	8	0	0	3	6	4	0	0	0	0	12.1297
1188	2	10	8	1	1	0	3	6	1	0	0	0	0	16.0836
1190	2	9	6	3	0	0	3	6	0	0	0	0	0	14.3419
1193	2	12	7	3	2	0	3	6	3	0	0	0	0	15.0974
1194	2	12	6	6	0	0	3	6	3	0	0	0	0	13.9363
1195	2	12	10	2	0	0	3	6	3	0	0	0	0	16.1474
1197	2	11	5	6	0	0	3	6	2	0	0	0	0	13.1383
1199	2	10	7	2	1	0	3	6	1	0	0	0	0	15.0744
1201	2	11	7	4	0	0	3	6	2	0	0	0	0	15.3033
1203	2	12	5	6	1	0	3	6	3	0	0	0	0	13.6113
1206	2	11	6	4	1	0	3	6	2	0	0	0	0	14.3421
1208	2	12	7	4	1	0	3	6	3	0	0	0	0	13.8856
1209	2	12	6	6	0	0	3	6	3	0	0	0	0	14.116
1210	2	12	5	5	2	0	3	6	3	0	0	0	0	13.4306
1213	2	13	5	8	0	0	3	6	4	0	0	0	0	14.0414
1219	2	12	6	6	0	0	3	6	3	0	0	0	0	13.6103
1222	2	12	5	7	0	0	3	6	3	0	0	0	0	13.7236
1223	2	13	6	7	0	0	3	6	4	0	0	0	0	13.5844
1227	2	11	5	6	0	0	3	6	2	0	0	0	0	13.1729
1239	2	11	4	6	1	0	3	6	2	0	0	0	0	12.745
1250	2	11	6	4	1	0	3	6	2	0	0	0	0	14.2349
1251	2	10	8	1	1	0	3	6	1	0	0	0	0	14.624
1252	2	12	3	8	1	0	3	6	3	0	0	0	0	12.5503
1253	2	10	5	5	0	0	3	6	1	0	0	0	0	15.6988
1260	2	12	6	2	4	0	3	6	3	0	0	0	0	14.3829
1262	2	11	8	2	1	0	3	6	2	0	0	0	0	14.5431
1268	2	11	6	4	1	0	3	6	2	0	0	0	0	14.1611
1269	2	12	6	6	0	0	3	6	3	0	0	0	0	14.4125
1273	2	13	2	9	2	0	3	6	4	0	0	0	0	12.2933
1275	2	11	5	6	0	0	3	6	2	0	0	0	0	13.4976
1282	2	11	4	5	2	0	3	6	2	0	0	0	0	12.9596
1285	2	12	3	9	0	0	3	6	3	0	0	0	0	12.7612
1286	2	13	5	8	0	0	3	6	4	0	0	0	0	14.326
1289	2	14	4	8	2	0	3	6	5	0	0	0	0	13.0781
1294	2	10	6	2	2	0	3	6	1	0	0	0	0	14.0115
1295	2	13	3	8	2	0	3	6	4	0	0	0	0	13.8522
1299	2	12	2	9	1	0	3	6	3	0	0	0	0	11.6834
1300	2	12	7	5	0	0	3	6	3	0	0	0	0	15.5031
1302	2	12	5	5	2	0	3	6	3	0	0	0	0	13.6093
1309	2	12	7	5	0	0	3	6	3	0	0	0	0	15.4119
1310	2	13	7	5	1	0	3	6	4	0	0	0	0	13.9365
1314	2	11	4	7	0	0	3	6	2	0	0	0	0	13.0168
1326	2	10	10	0	0	0	3	6	1	0	0	0	0	15.7059
1328	2	12	9	3	0	0	3	6	3	0	0	0	0	15.5952
1333	2	12	6	5	1	0	3	6	3	0	0	0	0	14.103
1334	2	11	5	6	0	0	3	6	2	0	0	0	0	13.4837
1336	2	12	7	3	2	0	3	6	3	0	0	0	0	15.1475
1342	2	14	7	6	1	0	3	6	5	0	0	0	0	13.8182
1344	2	10	9	1	0	0	3	6	1	0	0	0	0	16.4442
1346	2	10	7	3	0	0	3	6	1	0	0	0	0	14.8237
1347	2	11	7	4	0	0	3	6	2	0	0	0	0	14.5019
1348	2	10	6	4	0	0	3	6	1	0	0	0	0	14.0127
1349	2	10	6	4	0	0	3	6	1	0	0	0	0	14.3283
1357	3	13	9	3	1	0	3	6	4	0	0	0	0	16.5459
1359	3	13	11	2	0	0	3	6	4	0	0	0	0	16.9792
1360	3	11	8	2	1	0	3	6	2	0	0	0	0	16.285
1370	3	14	7	5	2	0	3	6	5	0	0	0	0	15.6831
1376	3	12	6	4	2	0	3	6	3	0	0	0	0	15.6603
1378	3	12	9	3	0	0	3	6	3	0	0	0	0	15.8612
1380	3	11	8	2	1	0	3	6	2	0	0	0	0	16.9078
1382	3	12	7	4	1	0	3	6	3	0	0	0	0	15.3452
1383	3	12	5	7	0	0	3	6	3	0	0	0	0	14.1675
1384	3	14	4	9	1	0	3	6	5	0	0	0	0	12.6524
1387	3	13	7	6	0	0	3	6	4	0	0	0	0	14.6818
1396	3	10	6	3	1	0	3	6	1	0	0	0	0	15.2645
1397	3	12	5	7	0	0	3	6	3	0	0	0	0	15.0076
1403	3	13	7	6	0	0	3	6	4	0	0	0	0	15.0197
1404	3	12	8	4	0	0	3	6	3	0	0	0	0	16.0481
1406	3	13	6	7	0	0	3	6	4	0	0	0	0	14.296
1407	3	12	5	7	0	0	3	6	3	0	0	0	0	12.9982
1410	3	12	7	5	0	0	3	6	3	0	0	0	0	15.0288
1416	3	10	8	2	0	0	3	6	1	0	0	0	0	16.47
1419	3	12	8	4	0	0	3	6	3	0	0	0	0	16.5266
1424	3	12	7	5	0	0	3	6	3	0	0	0	0	14.9647
1425	3	12	6	6	0	0	3	6	3	0	0	0	0	14.0207
