  0.2018710      5.3918839E-02
  0.2073270      4.5658708E-02
  0.2127830      3.2960296E-02
  0.2182390      3.2485127E-02
  0.2236950      4.0911794E-02
  0.2291510      4.5952201E-02
  0.2346070      4.7009587E-02
  0.2400630      4.7285199E-02
  0.2455190      4.8508763E-02
  0.2509750      4.9443960E-02
  0.2564310      4.7182560E-02
  0.2618870      4.2534351E-02
  0.2673430      3.8877726E-02
  0.2727980      3.9828300E-02
  0.2782540      4.4690847E-02
  0.2837100      5.2094698E-02
  0.2891660      5.7170630E-02
  0.2946220      5.7585955E-02
  0.3000780      5.4983020E-02
  0.3055340      5.1582456E-02
  0.3109900      4.8123360E-02
  0.3164460      4.4638515E-02
  0.3219020      4.1733384E-02
  0.3273580      4.0177226E-02
  0.3328140      3.9863825E-02
  0.3382700      4.0661454E-02
  0.3437260      4.1231275E-02
  0.3491820      4.0006280E-02
  0.3546380      3.7446976E-02
  0.3600940      3.5162091E-02
  0.3655500      3.4110188E-02
  0.3710060      3.3864141E-02
  0.3764620      3.3867478E-02
  0.3819180      3.3858895E-02
  0.3873740      3.3096194E-02
  0.3928300      3.1048417E-02
  0.3982860      2.9528737E-02
  0.4037420      3.0334234E-02
  0.4091980      3.3815145E-02
  0.4146540      3.8031697E-02
  0.4201100      4.0604353E-02
  0.4255660      4.0056825E-02
  0.4310220      3.7531614E-02
  0.4364780      3.5232067E-02
  0.4419340      3.4433007E-02
  0.4473900      3.4510255E-02
  0.4528460      3.4246445E-02
  0.4583010      3.3416510E-02
  0.4637570      3.2974124E-02
  0.4692130      3.3474565E-02
  0.4746690      3.4227729E-02
  0.4801250      3.3844233E-02
  0.4855810      3.1832218E-02
  0.4910370      2.9007435E-02
  0.4964930      2.6749015E-02
  0.5019490      2.6039839E-02
  0.5074050      2.6399136E-02
  0.5128610      2.6370645E-02
  0.5183170      2.5409937E-02
  0.5237730      2.3838401E-02
  0.5292290      2.2496939E-02
  0.5346850      2.1805644E-02
  0.5401410      2.1809697E-02
  0.5455970      2.2148728E-02
  0.5510530      2.2174716E-02
  0.5565090      2.1561265E-02
  0.5619650      2.0293593E-02
  0.5674210      1.8893838E-02
  0.5728770      1.8037200E-02
  0.5783330      1.8006206E-02
  0.5837890      1.8380046E-02
  0.5892450      1.8691897E-02
  0.5947010      1.8593788E-02
  0.6001570      1.8078566E-02
  0.6056130      1.7689228E-02
  0.6110690      1.7752528E-02
  0.6165250      1.8592954E-02
  0.6219810      2.0025253E-02
  0.6274370      2.1648884E-02
  0.6328930      2.3165107E-02
  0.6383480      2.4350047E-02
  0.6438040      2.4632573E-02
  0.6492600      2.3623347E-02
  0.6547160      2.1563172E-02
  0.6601720      1.9754529E-02
  0.6656280      1.9393206E-02
  0.6710840      2.0405769E-02
  0.6765400      2.2620201E-02
  0.6819960      2.1926284E-02
  0.6874520      2.1286249E-02
  0.6929080      2.0379663E-02
  0.6983640      2.0036697E-02
  0.7038200      2.0599484E-02
  0.7092760      2.1643281E-02
  0.7147320      2.2418141E-02
  0.7201880      2.2409081E-02
  0.7256440      2.1801472E-02
  0.7311000      2.1341085E-02
  0.7365560      2.1985650E-02
  0.7420120      2.3099065E-02
  0.7474680      2.3803592E-02
  0.7529240      2.3127317E-02
  0.7583800      2.0915627E-02
  0.7638360      1.8010259E-02
  0.7692920      1.5696406E-02
  0.7747480      1.4705181E-02
  0.7802040      1.4894485E-02
  0.7856600      1.5862465E-02
  0.7911160      1.7156363E-02
  0.7965720      1.8475175E-02
  0.8020280      2.0010710E-02
  0.8074840      2.1474481E-02
  0.8129400      2.2451162E-02
  0.8183960      2.2266269E-02
  0.8238510      2.0944238E-02
  0.8293070      1.9175529E-02
  0.8347630      1.7582178E-02
  0.8402190      1.6224265E-02
  0.8456750      1.5172720E-02
