  0.2018710      5.7982564E-02
  0.2073270      5.5185556E-02
  0.2127830      5.3623915E-02
  0.2182390      5.0866008E-02
  0.2236950      4.7543764E-02
  0.2291510      4.6713233E-02
  0.2346070      4.9043894E-02
  0.2400630      5.2564859E-02
  0.2455190      5.4169536E-02
  0.2509750      5.2297711E-02
  0.2564310      4.7462344E-02
  0.2618870      4.2296886E-02
  0.2673430      3.8950562E-02
  0.2727980      3.9614081E-02
  0.2782540      4.2624950E-02
  0.2837100      4.6166301E-02
  0.2891660      4.7088504E-02
  0.2946220      4.5381188E-02
  0.3000780      4.2753696E-02
  0.3055340      4.1284084E-02
  0.3109900      4.1741848E-02
  0.3164460      4.2945743E-02
  0.3219020      4.2236686E-02
  0.3273580      3.8922787E-02
  0.3328140      3.5234213E-02
  0.3382700      3.4089208E-02
  0.3437260      3.5320282E-02
  0.3491820      3.7176847E-02
  0.3546380      3.8615584E-02
  0.3600940      3.9529562E-02
  0.3655500      3.9657235E-02
  0.3710060      3.8265347E-02
  0.3764620      3.5243511E-02
  0.3819180      3.1608820E-02
  0.3873740      2.8611779E-02
  0.3928300      2.6841998E-02
  0.3982860      2.6867628E-02
  0.4037420      2.8563857E-02
  0.4091980      3.1026006E-02
  0.4146540      3.2577991E-02
  0.4201100      3.2816052E-02
  0.4255660      3.2247424E-02
  0.4310220      3.1921983E-02
  0.4364780      3.2084107E-02
  0.4419340      3.2297015E-02
  0.4473900      3.2131910E-02
  0.4528460      3.1777143E-02
  0.4583010      3.1775236E-02
  0.4637570      3.2074571E-02
  0.4692130      3.1961799E-02
  0.4746690      3.0552983E-02
  0.4801250      2.7616143E-02
  0.4855810      2.4205089E-02
  0.4910370      2.1971703E-02
  0.4964930      2.1566987E-02
  0.5019490      2.2305965E-02
  0.5074050      2.2851110E-02
  0.5128610      2.2491217E-02
  0.5183170      2.1642208E-02
  0.5237730      2.1079779E-02
  0.5292290      2.1614313E-02
  0.5346850      2.3373008E-02
  0.5401410      2.5369883E-02
  0.5455970      2.6260734E-02
  0.5510530      2.5941014E-02
  0.5565090      2.5650144E-02
  0.5619650      2.5906920E-02
  0.5674210      2.5907516E-02
  0.5728770      2.5014758E-02
  0.5783330      2.3725390E-02
  0.5837890      2.2762179E-02
  0.5892450      2.2396564E-02
  0.5947010      2.2244096E-02
  0.6001570      2.2081256E-02
  0.6056130      2.2171617E-02
  0.6110690      2.2525191E-02
  0.6165250      2.3316860E-02
  0.6219810      2.4269938E-02
  0.6274370      2.5053620E-02
  0.6328930      2.5643349E-02
  0.6383480      2.6104212E-02
  0.6438040      2.6044846E-02
  0.6492600      2.5079966E-02
  0.6547160      2.3074627E-02
  0.6601720      2.0728946E-02
  0.6656280      1.8916368E-02
  0.6710840      1.8151999E-02
  0.6765400      1.9238591E-02
  0.6819960      1.9306064E-02
  0.6874520      2.0381808E-02
  0.6929080      2.1188378E-02
  0.6983640      2.1458030E-02
  0.7038200      2.1194816E-02
  0.7092760      2.0692587E-02
  0.7147320      2.0231724E-02
  0.7201880      1.9634485E-02
  0.7256440      1.8523216E-02
  0.7311000      1.7128706E-02
  0.7365560      1.6461611E-02
  0.7420120      1.6578913E-02
  0.7474680      1.7314911E-02
  0.7529240      1.8183231E-02
  0.7583800      1.8727779E-02
  0.7638360      1.8575788E-02
  0.7692920      1.7478704E-02
  0.7747480      1.5819073E-02
  0.7802040      1.4395595E-02
  0.7856600      1.3958335E-02
  0.7911160      1.4465570E-02
  0.7965720      1.5357256E-02
  0.8020280      1.6338348E-02
  0.8074840      1.6964912E-02
  0.8129400      1.7225504E-02
  0.8183960      1.7018795E-02
  0.8238510      1.6272187E-02
  0.8293070      1.5145063E-02
  0.8347630      1.4070630E-02
  0.8402190      1.3583064E-02
  0.8456750      1.3788104E-02
