  0.2018710      6.1664224E-02
  0.2073270      5.4381728E-02
  0.2127830      4.4691324E-02
  0.2182390      4.2503476E-02
  0.2236950      4.7557712E-02
  0.2291510      5.1394224E-02
  0.2346070      5.1182866E-02
  0.2400630      4.6620488E-02
  0.2455190      4.0295124E-02
  0.2509750      3.8161159E-02
  0.2564310      4.0504575E-02
  0.2618870      4.2781591E-02
  0.2673430      4.2465568E-02
  0.2727980      4.1028500E-02
  0.2782540      3.8574696E-02
  0.2837100      3.8487196E-02
  0.2891660      4.0822506E-02
  0.2946220      4.3226123E-02
  0.3000780      4.3520451E-02
  0.3055340      4.1653872E-02
  0.3109900      3.9522171E-02
  0.3164460      3.9611578E-02
  0.3219020      4.2515159E-02
  0.3273580      4.5646906E-02
  0.3328140      4.6307683E-02
  0.3382700      4.4940710E-02
  0.3437260      4.2876244E-02
  0.3491820      4.1006804E-02
  0.3546380      3.9256454E-02
  0.3600940      3.7105560E-02
  0.3655500      3.5223365E-02
  0.3710060      3.4476638E-02
  0.3764620      3.4680724E-02
  0.3819180      3.5120487E-02
  0.3873740      3.5820365E-02
  0.3928300      3.7387133E-02
  0.3982860      4.0467262E-02
  0.4037420      4.4233680E-02
  0.4091980      4.7239780E-02
  0.4146540      4.7793984E-02
  0.4201100      4.5231462E-02
  0.4255660      4.0154815E-02
  0.4310220      3.4963131E-02
  0.4364780      3.1764865E-02
  0.4419340      3.0946612E-02
  0.4473900      3.1363130E-02
  0.4528460      3.2008052E-02
  0.4583010      3.2416344E-02
  0.4637570      3.2625318E-02
  0.4692130      3.2727361E-02
  0.4746690      3.2769918E-02
  0.4801250      3.2612562E-02
  0.4855810      3.2162428E-02
  0.4910370      3.1391382E-02
  0.4964930      3.0247927E-02
  0.5019490      2.9362798E-02
  0.5074050      2.9688001E-02
  0.5128610      3.1190276E-02
  0.5183170      3.2551050E-02
  0.5237730      3.2162189E-02
  0.5292290      3.0103326E-02
  0.5346850      2.7612805E-02
  0.5401410      2.5862694E-02
  0.5455970      2.5305390E-02
  0.5510530      2.5720835E-02
  0.5565090      2.6463866E-02
  0.5619650      2.6413083E-02
  0.5674210      2.4887085E-02
  0.5728770      2.2373796E-02
  0.5783330      2.0270109E-02
  0.5837890      1.9474864E-02
  0.5892450      1.9818902E-02
  0.5947010      2.0263910E-02
  0.6001570      2.0152092E-02
  0.6056130      1.9856095E-02
  0.6110690      1.9671202E-02
  0.6165250      1.9624472E-02
  0.6219810      1.9530296E-02
  0.6274370      1.9702554E-02
  0.6328930      2.0799041E-02
  0.6383480      2.2780895E-02
  0.6438040      2.4552584E-02
  0.6492600      2.5244236E-02
  0.6547160      2.4705887E-02
  0.6601720      2.3660541E-02
  0.6656280      2.2697210E-02
  0.6710840      2.1661758E-02
  0.6765400      2.0946026E-02
  0.6819960      1.7932415E-02
  0.6874520      1.6854644E-02
  0.6929080      1.7620206E-02
  0.6983640      1.9535661E-02
  0.7038200      2.0871282E-02
  0.7092760      2.0567656E-02
  0.7147320      1.9192815E-02
  0.7201880      1.7954111E-02
  0.7256440      1.7409682E-02
  0.7311000      1.7022133E-02
  0.7365560      1.6597390E-02
  0.7420120      1.6031265E-02
  0.7474680      1.5939116E-02
  0.7529240      1.6267538E-02
  0.7583800      1.6695380E-02
  0.7638360      1.7147541E-02
  0.7692920      1.7681956E-02
  0.7747480      1.8038273E-02
  0.7802040      1.7624259E-02
  0.7856600      1.6381264E-02
  0.7911160      1.4905810E-02
  0.7965720      1.4009953E-02
  0.8020280      1.4318585E-02
  0.8074840      1.5422940E-02
  0.8129400      1.6602278E-02
  0.8183960      1.7126203E-02
  0.8238510      1.6842604E-02
  0.8293070      1.6193390E-02
  0.8347630      1.5784502E-02
  0.8402190      1.5836835E-02
  0.8456750      1.5945196E-02
