  0.2018710      7.2553992E-02
  0.2073270      7.6195359E-02
  0.2127830      6.9054365E-02
  0.2182390      6.0350776E-02
  0.2236950      5.7865620E-02
  0.2291510      5.6101918E-02
  0.2346070      5.2561045E-02
  0.2400630      4.6709538E-02
  0.2455190      4.0449023E-02
  0.2509750      3.8151979E-02
  0.2564310      3.9984822E-02
  0.2618870      4.1795611E-02
  0.2673430      4.0974498E-02
  0.2727980      3.9421082E-02
  0.2782540      3.8113117E-02
  0.2837100      3.9556742E-02
  0.2891660      4.1505814E-02
  0.2946220      4.0512323E-02
  0.3000780      3.7792563E-02
  0.3055340      3.6426783E-02
  0.3109900      3.7306666E-02
  0.3164460      3.8990378E-02
  0.3219020      4.0144324E-02
  0.3273580      4.0493846E-02
  0.3328140      3.9922118E-02
  0.3382700      3.9105535E-02
  0.3437260      3.8792372E-02
  0.3491820      4.0141463E-02
  0.3546380      4.3450117E-02
  0.3600940      4.6384931E-02
  0.3655500      4.5849562E-02
  0.3710060      4.1186929E-02
  0.3764620      3.5423160E-02
  0.3819180      3.2387376E-02
  0.3873740      3.3192039E-02
  0.3928300      3.5566807E-02
  0.3982860      3.7512183E-02
  0.4037420      3.8338065E-02
  0.4091980      3.8017273E-02
  0.4146540      3.6512613E-02
  0.4201100      3.4827113E-02
  0.4255660      3.3901811E-02
  0.4310220      3.3610702E-02
  0.4364780      3.2529593E-02
  0.4419340      2.9868126E-02
  0.4473900      2.6883721E-02
  0.4528460      2.5853038E-02
  0.4583010      2.7592301E-02
  0.4637570      3.0912280E-02
  0.4692130      3.3860683E-02
  0.4746690      3.5360098E-02
  0.4801250      3.5422444E-02
  0.4855810      3.4803391E-02
  0.4910370      3.4189582E-02
  0.4964930      3.3619642E-02
  0.5019490      3.3000588E-02
  0.5074050      3.2039046E-02
  0.5128610      3.0194402E-02
  0.5183170      2.7538061E-02
  0.5237730      2.5032997E-02
  0.5292290      2.4107575E-02
  0.5346850      2.5226116E-02
  0.5401410      2.7472973E-02
  0.5455970      2.9484868E-02
  0.5510530      3.0290246E-02
  0.5565090      2.9873013E-02
  0.5619650      2.8673649E-02
  0.5674210      2.7355313E-02
  0.5728770      2.6555538E-02
  0.5783330      2.6447058E-02
  0.5837890      2.6528835E-02
  0.5892450      2.6214480E-02
  0.5947010      2.5152445E-02
  0.6001570      2.3668766E-02
  0.6056130      2.2600055E-02
  0.6110690      2.1822810E-02
  0.6165250      2.1201253E-02
  0.6219810      2.0375848E-02
  0.6274370      1.9154549E-02
  0.6328930      1.7883420E-02
  0.6383480      1.7257452E-02
  0.6438040      1.7669678E-02
  0.6492600      1.8984318E-02
  0.6547160      2.0672321E-02
  0.6601720      2.2230029E-02
  0.6656280      2.3156762E-02
  0.6710840      2.3060918E-02
  0.6765400      2.3186684E-02
  0.6819960      2.0994067E-02
  0.6874520      2.0389557E-02
  0.6929080      2.0291448E-02
  0.6983640      2.0454049E-02
  0.7038200      2.0794868E-02
  0.7092760      2.1350980E-02
  0.7147320      2.2161007E-02
  0.7201880      2.3056865E-02
  0.7256440      2.3504734E-02
  0.7311000      2.2997379E-02
  0.7365560      2.1957397E-02
  0.7420120      2.0653725E-02
  0.7474680      1.9991398E-02
  0.7529240      1.9877195E-02
  0.7583800      1.9503236E-02
  0.7638360      1.8385053E-02
  0.7692920      1.7225742E-02
  0.7747480      1.7278910E-02
  0.7802040      1.8633842E-02
  0.7856600      2.0057440E-02
  0.7911160      2.0311952E-02
  0.7965720      1.9332647E-02
  0.8020280      1.8111229E-02
  0.8074840      1.6999960E-02
  0.8129400      1.6231179E-02
  0.8183960      1.5998721E-02
  0.8238510      1.6455770E-02
  0.8293070      1.7411113E-02
  0.8347630      1.8423796E-02
  0.8402190      1.9094944E-02
  0.8456750      1.9303083E-02
