  0.2018710      5.0327778E-02
  0.2073270      4.7306538E-02
  0.2127830      4.2832971E-02
  0.2182390      4.3479800E-02
  0.2236950      4.6659350E-02
  0.2291510      4.6341300E-02
  0.2346070      4.3376446E-02
  0.2400630      4.0025949E-02
  0.2455190      3.8894057E-02
  0.2509750      4.1049600E-02
  0.2564310      4.3759465E-02
  0.2618870      4.5801997E-02
  0.2673430      4.7538638E-02
  0.2727980      4.9728751E-02
  0.2782540      5.0105214E-02
  0.2837100      4.9367547E-02
  0.2891660      4.7112584E-02
  0.2946220      4.4440866E-02
  0.3000780      4.2422175E-02
  0.3055340      4.1602015E-02
  0.3109900      4.0964603E-02
  0.3164460      3.9645791E-02
  0.3219020      3.7976980E-02
  0.3273580      3.7295580E-02
  0.3328140      3.7835836E-02
  0.3382700      3.9657235E-02
  0.3437260      4.2353749E-02
  0.3491820      4.5249104E-02
  0.3546380      4.7189116E-02
  0.3600940      4.6819925E-02
  0.3655500      4.4466972E-02
  0.3710060      4.1525960E-02
  0.3764620      3.9383769E-02
  0.3819180      3.8466334E-02
  0.3873740      3.7884593E-02
  0.3928300      3.6470413E-02
  0.3982860      3.5172105E-02
  0.4037420      3.5350561E-02
  0.4091980      3.6767244E-02
  0.4146540      3.6892056E-02
  0.4201100      3.4286857E-02
  0.4255660      3.0209303E-02
  0.4310220      2.7390122E-02
  0.4364780      2.7021527E-02
  0.4419340      2.8614521E-02
  0.4473900      3.1043530E-02
  0.4528460      3.3105373E-02
  0.4583010      3.3661842E-02
  0.4637570      3.2198071E-02
  0.4692130      2.9496193E-02
  0.4746690      2.7137041E-02
  0.4801250      2.6091695E-02
  0.4855810      2.6094317E-02
  0.4910370      2.6063800E-02
  0.4964930      2.4932265E-02
  0.5019490      2.2738695E-02
  0.5074050      2.0402789E-02
  0.5128610      1.9140840E-02
  0.5183170      1.9684196E-02
  0.5237730      2.1490574E-02
  0.5292290      2.3503184E-02
  0.5346850      2.5051117E-02
  0.5401410      2.6380897E-02
  0.5455970      2.7893424E-02
  0.5510530      2.9094696E-02
  0.5565090      2.9008865E-02
  0.5619650      2.7102947E-02
  0.5674210      2.4389029E-02
  0.5728770      2.2731304E-02
  0.5783330      2.3159981E-02
  0.5837890      2.4835110E-02
  0.5892450      2.6087999E-02
  0.5947010      2.5555134E-02
  0.6001570      2.3607373E-02
  0.6056130      2.2163153E-02
  0.6110690      2.2165298E-02
  0.6165250      2.3430824E-02
  0.6219810      2.4735093E-02
  0.6274370      2.4993062E-02
  0.6328930      2.4103284E-02
  0.6383480      2.2856832E-02
  0.6438040      2.2091389E-02
  0.6492600      2.2058010E-02
  0.6547160      2.2053719E-02
  0.6601720      2.1358252E-02
  0.6656280      1.9987822E-02
  0.6710840      1.8492937E-02
  0.6765400      1.8104553E-02
  0.6819960      1.6624212E-02
  0.6874520      1.6588807E-02
  0.6929080      1.7419457E-02
  0.6983640      1.8921137E-02
  0.7038200      2.0395756E-02
  0.7092760      2.0970345E-02
  0.7147320      2.0428419E-02
  0.7201880      1.9338250E-02
  0.7256440      1.8680692E-02
  0.7311000      1.8963218E-02
  0.7365560      2.0081520E-02
  0.7420120      2.0764828E-02
  0.7474680      2.0843506E-02
  0.7529240      2.0739079E-02
  0.7583800      2.0695806E-02
  0.7638360      2.0366549E-02
  0.7692920      1.9541621E-02
  0.7747480      1.8782735E-02
  0.7802040      1.8649578E-02
  0.7856600      1.9054174E-02
  0.7911160      1.9308925E-02
  0.7965720      1.9081831E-02
  0.8020280      1.8877387E-02
  0.8074840      1.8589139E-02
  0.8129400      1.8025875E-02
  0.8183960      1.6896367E-02
  0.8238510      1.5474081E-02
  0.8293070      1.4574051E-02
  0.8347630      1.4881372E-02
  0.8402190      1.6112208E-02
  0.8456750      1.7275333E-02
