  0.2018710      3.7761569E-02
  0.2073270      3.7141800E-02
  0.2127830      3.9733648E-02
  0.2182390      4.3073893E-02
  0.2236950      4.4712782E-02
  0.2291510      4.5093775E-02
  0.2346070      4.5940518E-02
  0.2400630      4.8390865E-02
  0.2455190      5.2551270E-02
  0.2509750      5.5599570E-02
  0.2564310      5.4285169E-02
  0.2618870      4.9493194E-02
  0.2673430      4.4191837E-02
  0.2727980      4.1223049E-02
  0.2782540      4.0298581E-02
  0.2837100      4.1585684E-02
  0.2891660      4.3094635E-02
  0.2946220      4.4025779E-02
  0.3000780      4.4552922E-02
  0.3055340      4.5044184E-02
  0.3109900      4.5097947E-02
  0.3164460      4.4134498E-02
  0.3219020      4.2003393E-02
  0.3273580      3.9242506E-02
  0.3328140      3.6684394E-02
  0.3382700      3.5541177E-02
  0.3437260      3.5498142E-02
  0.3491820      3.5184026E-02
  0.3546380      3.3662081E-02
  0.3600940      3.1205535E-02
  0.3655500      2.8953671E-02
  0.3710060      2.7971506E-02
  0.3764620      2.8710365E-02
  0.3819180      3.1006336E-02
  0.3873740      3.3981323E-02
  0.3928300      3.6023736E-02
  0.3982860      3.6744714E-02
  0.4037420      3.6465168E-02
  0.4091980      3.6109686E-02
  0.4146540      3.6208272E-02
  0.4201100      3.7073851E-02
  0.4255660      3.7641048E-02
  0.4310220      3.6924720E-02
  0.4364780      3.5097837E-02
  0.4419340      3.3599138E-02
  0.4473900      3.3203125E-02
  0.4528460      3.3698320E-02
  0.4583010      3.4319997E-02
  0.4637570      3.4296632E-02
  0.4692130      3.3156276E-02
  0.4746690      3.1299591E-02
  0.4801250      2.9723048E-02
  0.4855810      2.9173374E-02
  0.4910370      2.9439449E-02
  0.4964930      2.9739380E-02
  0.5019490      3.0041218E-02
  0.5074050      3.0437827E-02
  0.5128610      3.0498028E-02
  0.5183170      2.9958010E-02
  0.5237730      2.8837919E-02
  0.5292290      2.7395964E-02
  0.5346850      2.5834918E-02
  0.5401410      2.4939537E-02
  0.5455970      2.5736570E-02
  0.5510530      2.8230786E-02
  0.5565090      3.1123519E-02
  0.5619650      3.2713175E-02
  0.5674210      3.2131195E-02
  0.5728770      2.9749751E-02
  0.5783330      2.6713967E-02
  0.5837890      2.4150968E-02
  0.5892450      2.2944808E-02
  0.5947010      2.3074269E-02
  0.6001570      2.3920774E-02
  0.6056130      2.4824619E-02
  0.6110690      2.4877191E-02
  0.6165250      2.3859382E-02
  0.6219810      2.2035718E-02
  0.6274370      2.0103931E-02
  0.6328930      1.9008160E-02
  0.6383480      1.9375563E-02
  0.6438040      2.0857096E-02
  0.6492600      2.2588253E-02
  0.6547160      2.3678780E-02
  0.6601720      2.3723006E-02
  0.6656280      2.2813678E-02
  0.6710840      2.1671295E-02
  0.6765400      2.2211194E-02
  0.6819960      2.1903872E-02
  0.6874520      2.3053527E-02
  0.6929080      2.3508430E-02
  0.6983640      2.2932529E-02
  0.7038200      2.2059679E-02
  0.7092760      2.1643519E-02
  0.7147320      2.1811724E-02
  0.7201880      2.2267580E-02
  0.7256440      2.2620082E-02
  0.7311000      2.2405267E-02
  0.7365560      2.1815538E-02
  0.7420120      2.0801067E-02
  0.7474680      2.0133972E-02
  0.7529240      1.9980907E-02
  0.7583800      1.9805193E-02
  0.7638360      1.9267082E-02
  0.7692920      1.8601894E-02
  0.7747480      1.8307567E-02
  0.7802040      1.8432260E-02
  0.7856600      1.8787742E-02
  0.7911160      1.9098163E-02
  0.7965720      1.9261360E-02
  0.8020280      1.9463181E-02
  0.8074840      1.9275904E-02
  0.8129400      1.8715024E-02
  0.8183960      1.8095016E-02
  0.8238510      1.7832875E-02
  0.8293070      1.8122911E-02
  0.8347630      1.8847585E-02
  0.8402190      1.9581079E-02
  0.8456750      1.9749403E-02
