  0.2018710      4.9136281E-02
  0.2073270      4.8504472E-02
  0.2127830      5.2109838E-02
  0.2182390      5.6978822E-02
  0.2236950      5.6179523E-02
  0.2291510      5.1989555E-02
  0.2346070      4.8241973E-02
  0.2400630      4.4632196E-02
  0.2455190      4.0295482E-02
  0.2509750      3.7579417E-02
  0.2564310      3.7489295E-02
  0.2618870      3.7678242E-02
  0.2673430      3.5935640E-02
  0.2727980      3.3542871E-02
  0.2782540      3.2105803E-02
  0.2837100      3.4994960E-02
  0.2891660      4.0047288E-02
  0.2946220      4.3002009E-02
  0.3000780      4.3855906E-02
  0.3055340      4.4371486E-02
  0.3109900      4.3618798E-02
  0.3164460      4.0353775E-02
  0.3219020      3.6033392E-02
  0.3273580      3.2726645E-02
  0.3328140      3.0587673E-02
  0.3382700      2.9382110E-02
  0.3437260      2.9098868E-02
  0.3491820      2.8976202E-02
  0.3546380      2.7862072E-02
  0.3600940      2.6089907E-02
  0.3655500      2.6048303E-02
  0.3710060      2.8632998E-02
  0.3764620      3.2042384E-02
  0.3819180      3.4182787E-02
  0.3873740      3.4608364E-02
  0.3928300      3.3611774E-02
  0.3982860      3.2176852E-02
  0.4037420      3.1217813E-02
  0.4091980      3.1543255E-02
  0.4146540      3.2644987E-02
  0.4201100      3.3393979E-02
  0.4255660      3.2874107E-02
  0.4310220      3.1507969E-02
  0.4364780      3.0143857E-02
  0.4419340      2.9298902E-02
  0.4473900      2.9119015E-02
  0.4528460      2.9913187E-02
  0.4583010      3.1735420E-02
  0.4637570      3.3749700E-02
  0.4692130      3.4630895E-02
  0.4746690      3.3594966E-02
  0.4801250      3.1018257E-02
  0.4855810      2.8187513E-02
  0.4910370      2.6403666E-02
  0.4964930      2.5790095E-02
  0.5019490      2.5835872E-02
  0.5074050      2.6065707E-02
  0.5128610      2.6528120E-02
  0.5183170      2.7385354E-02
  0.5237730      2.8118372E-02
  0.5292290      2.8266072E-02
  0.5346850      2.7817249E-02
  0.5401410      2.7007341E-02
  0.5455970      2.5823593E-02
  0.5510530      2.4282575E-02
  0.5565090      2.2796988E-02
  0.5619650      2.1709561E-02
  0.5674210      2.1059036E-02
  0.5728770      2.0710826E-02
  0.5783330      2.0488501E-02
  0.5837890      2.0234823E-02
  0.5892450      2.0203471E-02
  0.5947010      2.0596862E-02
  0.6001570      2.1185637E-02
  0.6056130      2.1373868E-02
  0.6110690      2.0576715E-02
  0.6165250      1.9589543E-02
  0.6219810      1.9379973E-02
  0.6274370      2.0050764E-02
  0.6328930      2.1065474E-02
  0.6383480      2.2082329E-02
  0.6438040      2.2966862E-02
  0.6492600      2.3683906E-02
  0.6547160      2.3755670E-02
  0.6601720      2.3257375E-02
  0.6656280      2.2682548E-02
  0.6710840      2.2299409E-02
  0.6765400      2.2928834E-02
  0.6819960      2.1073580E-02
  0.6874520      1.9995093E-02
  0.6929080      1.9098759E-02
  0.6983640      1.8948197E-02
  0.7038200      1.9604445E-02
  0.7092760      2.0488024E-02
  0.7147320      2.0995736E-02
  0.7201880      2.0887613E-02
  0.7256440      2.0328164E-02
  0.7311000      1.9805551E-02
  0.7365560      2.0275354E-02
  0.7420120      2.1474242E-02
  0.7474680      2.2758007E-02
  0.7529240      2.3200393E-02
  0.7583800      2.2632360E-02
  0.7638360      2.1718740E-02
  0.7692920      2.1007538E-02
  0.7747480      2.0419002E-02
  0.7802040      1.9561052E-02
  0.7856600      1.8563151E-02
  0.7911160      1.7624497E-02
  0.7965720      1.6792178E-02
  0.8020280      1.6474843E-02
  0.8074840      1.6836643E-02
  0.8129400      1.7801404E-02
  0.8183960      1.8569827E-02
  0.8238510      1.8527150E-02
  0.8293070      1.7927766E-02
  0.8347630      1.7555356E-02
  0.8402190      1.7814994E-02
  0.8456750      1.8287301E-02
