  0.2018710      5.6447387E-02
  0.2073270      6.1648965E-02
  0.2127830      6.0513377E-02
  0.2182390      5.3208351E-02
  0.2236950      4.7338486E-02
  0.2291510      4.4523835E-02
  0.2346070      4.3672323E-02
  0.2400630      4.3286920E-02
  0.2455190      4.1765094E-02
  0.2509750      3.9653897E-02
  0.2564310      4.0312886E-02
  0.2618870      4.4125080E-02
  0.2673430      4.7769547E-02
  0.2727980      4.9780607E-02
  0.2782540      4.9052119E-02
  0.2837100      4.7513843E-02
  0.2891660      4.3486595E-02
  0.2946220      3.7396669E-02
  0.3000780      3.2570601E-02
  0.3055340      3.0861855E-02
  0.3109900      3.2145858E-02
  0.3164460      3.5490751E-02
  0.3219020      3.9598346E-02
  0.3273580      4.2708874E-02
  0.3328140      4.3020964E-02
  0.3382700      4.1261792E-02
  0.3437260      3.8640738E-02
  0.3491820      3.6691427E-02
  0.3546380      3.6153197E-02
  0.3600940      3.6126256E-02
  0.3655500      3.5393834E-02
  0.3710060      3.3537507E-02
  0.3764620      3.1187892E-02
  0.3819180      2.9510379E-02
  0.3873740      2.9896021E-02
  0.3928300      3.2774210E-02
  0.3982860      3.7143111E-02
  0.4037420      4.0395975E-02
  0.4091980      4.1071415E-02
  0.4146540      3.9475083E-02
  0.4201100      3.7531972E-02
  0.4255660      3.6090970E-02
  0.4310220      3.4988880E-02
  0.4364780      3.3781052E-02
  0.4419340      3.2775879E-02
  0.4473900      3.2374859E-02
  0.4528460      3.2414436E-02
  0.4583010      3.2133579E-02
  0.4637570      3.0876040E-02
  0.4692130      2.8780103E-02
  0.4746690      2.6654124E-02
  0.4801250      2.5272012E-02
  0.4855810      2.5039554E-02
  0.4910370      2.5876403E-02
  0.4964930      2.7018428E-02
  0.5019490      2.7714252E-02
  0.5074050      2.7375937E-02
  0.5128610      2.6190042E-02
  0.5183170      2.5170326E-02
  0.5237730      2.4971962E-02
  0.5292290      2.5310993E-02
  0.5346850      2.5070548E-02
  0.5401410      2.3694158E-02
  0.5455970      2.1947145E-02
  0.5510530      2.1067023E-02
  0.5565090      2.1886110E-02
  0.5619650      2.4091244E-02
  0.5674210      2.6603699E-02
  0.5728770      2.8080821E-02
  0.5783330      2.7534723E-02
  0.5837890      2.4883032E-02
  0.5892450      2.1534443E-02
  0.5947010      1.9111276E-02
  0.6001570      1.8280149E-02
  0.6056130      1.8528104E-02
  0.6110690      1.8661737E-02
  0.6165250      1.8596888E-02
  0.6219810      1.8644691E-02
  0.6274370      1.8897891E-02
  0.6328930      1.9407988E-02
  0.6383480      2.0329356E-02
  0.6438040      2.1469831E-02
  0.6492600      2.2167802E-02
  0.6547160      2.1725893E-02
  0.6601720      2.0559907E-02
  0.6656280      1.9769788E-02
  0.6710840      1.9907832E-02
  0.6765400      2.1551371E-02
  0.6819960      2.1212459E-02
  0.6874520      2.1526217E-02
  0.6929080      2.1704078E-02
  0.6983640      2.2041559E-02
  0.7038200      2.2437215E-02
  0.7092760      2.2351027E-02
  0.7147320      2.1538258E-02
  0.7201880      2.0382285E-02
  0.7256440      1.9589424E-02
  0.7311000      1.9601107E-02
  0.7365560      2.0555615E-02
  0.7420120      2.1409512E-02
  0.7474680      2.1630526E-02
  0.7529240      2.0917058E-02
  0.7583800      1.9351006E-02
  0.7638360      1.7379045E-02
  0.7692920      1.5699029E-02
  0.7747480      1.4833808E-02
  0.7802040      1.4761567E-02
  0.7856600      1.5238404E-02
  0.7911160      1.5930533E-02
  0.7965720      1.6436577E-02
  0.8020280      1.6576529E-02
  0.8074840      1.6038775E-02
  0.8129400      1.5298009E-02
  0.8183960      1.5065074E-02
  0.8238510      1.5788913E-02
  0.8293070      1.7143846E-02
  0.8347630      1.8291712E-02
  0.8402190      1.8475056E-02
  0.8456750      1.7635703E-02
