  0.2018710      5.4015994E-02
  0.2073270      5.3286672E-02
  0.2127830      4.9200773E-02
  0.2182390      4.6338677E-02
  0.2236950      4.6756625E-02
  0.2291510      4.7892570E-02
  0.2346070      4.8995495E-02
  0.2400630      5.1491022E-02
  0.2455190      5.5626631E-02
  0.2509750      5.9232354E-02
  0.2564310      5.9561253E-02
  0.2618870      5.7593226E-02
  0.2673430      5.3706408E-02
  0.2727980      4.8333645E-02
  0.2782540      4.0674210E-02
  0.2837100      3.5818100E-02
  0.2891660      3.5086393E-02
  0.2946220      3.6051750E-02
  0.3000780      3.6964774E-02
  0.3055340      3.8063526E-02
  0.3109900      3.9430141E-02
  0.3164460      3.9972305E-02
  0.3219020      3.9278150E-02
  0.3273580      3.8545847E-02
  0.3328140      3.9528489E-02
  0.3382700      4.2779565E-02
  0.3437260      4.6216249E-02
  0.3491820      4.6662211E-02
  0.3546380      4.3554187E-02
  0.3600940      3.9046049E-02
  0.3655500      3.5777807E-02
  0.3710060      3.4357190E-02
  0.3764620      3.4148216E-02
  0.3819180      3.4730196E-02
  0.3873740      3.6223292E-02
  0.3928300      3.8366556E-02
  0.3982860      4.0804386E-02
  0.4037420      4.2256355E-02
  0.4091980      4.1314840E-02
  0.4146540      3.7568092E-02
  0.4201100      3.2635450E-02
  0.4255660      2.8465271E-02
  0.4310220      2.6059031E-02
  0.4364780      2.4984360E-02
  0.4419340      2.4746060E-02
  0.4473900      2.5005221E-02
  0.4528460      2.5564909E-02
  0.4583010      2.6011109E-02
  0.4637570      2.6135206E-02
  0.4692130      2.5961161E-02
  0.4746690      2.5761127E-02
  0.4801250      2.5670052E-02
  0.4855810      2.5593996E-02
  0.4910370      2.5283456E-02
  0.4964930      2.4382830E-02
  0.5019490      2.3118734E-02
  0.5074050      2.2329926E-02
  0.5128610      2.2830725E-02
  0.5183170      2.4901509E-02
  0.5237730      2.7455926E-02
  0.5292290      2.8730035E-02
  0.5346850      2.7733207E-02
  0.5401410      2.5113106E-02
  0.5455970      2.2526979E-02
  0.5510530      2.1178007E-02
  0.5565090      2.1540761E-02
  0.5619650      2.3104548E-02
  0.5674210      2.4798512E-02
  0.5728770      2.5487185E-02
  0.5783330      2.4589419E-02
  0.5837890      2.2558212E-02
  0.5892450      2.0757556E-02
  0.5947010      2.0138860E-02
  0.6001570      2.0766497E-02
  0.6056130      2.2110462E-02
  0.6110690      2.2922754E-02
  0.6165250      2.2576571E-02
  0.6219810      2.1251321E-02
  0.6274370      1.9944668E-02
  0.6328930      1.9617677E-02
  0.6383480      2.0328522E-02
  0.6438040      2.1236539E-02
  0.6492600      2.1977544E-02
  0.6547160      2.2731900E-02
  0.6601720      2.3682475E-02
  0.6656280      2.4371266E-02
  0.6710840      2.4125576E-02
  0.6765400      2.3939013E-02
  0.6819960      2.1149516E-02
  0.6874520      1.9595861E-02
  0.6929080      1.8433094E-02
  0.6983640      1.7652988E-02
  0.7038200      1.7090082E-02
  0.7092760      1.6522765E-02
  0.7147320      1.5899181E-02
  0.7201880      1.5435934E-02
  0.7256440      1.5480638E-02
  0.7311000      1.6085505E-02
  0.7365560      1.7065287E-02
  0.7420120      1.7507195E-02
  0.7474680      1.7419219E-02
  0.7529240      1.7383695E-02
  0.7583800      1.8020988E-02
  0.7638360      1.9384265E-02
  0.7692920      2.0808101E-02
  0.7747480      2.1658182E-02
  0.7802040      2.1515131E-02
  0.7856600      2.0506620E-02
  0.7911160      1.8791318E-02
  0.7965720      1.6679764E-02
  0.8020280      1.4943361E-02
  0.8074840      1.3911486E-02
  0.8129400      1.3851285E-02
  0.8183960      1.4565945E-02
  0.8238510      1.5664339E-02
  0.8293070      1.6715646E-02
  0.8347630      1.7301083E-02
  0.8402190      1.7243862E-02
  0.8456750      1.6725421E-02
