  0.2018710      5.1702857E-02
  0.2073270      6.2068343E-02
  0.2127830      7.0164561E-02
  0.2182390      7.1823239E-02
  0.2236950      6.9680095E-02
  0.2291510      6.5675855E-02
  0.2346070      5.8536649E-02
  0.2400630      4.7506928E-02
  0.2455190      3.8051963E-02
  0.2509750      3.9037108E-02
  0.2564310      4.7667265E-02
  0.2618870      5.4316163E-02
  0.2673430      5.5024743E-02
  0.2727980      5.2767515E-02
  0.2782540      4.8816562E-02
  0.2837100      4.6660066E-02
  0.2891660      4.4722319E-02
  0.2946220      4.1996956E-02
  0.3000780      3.9068937E-02
  0.3055340      3.6569357E-02
  0.3109900      3.4505129E-02
  0.3164460      3.2420635E-02
  0.3219020      2.9847264E-02
  0.3273580      2.7135134E-02
  0.3328140      2.5539994E-02
  0.3382700      2.6147008E-02
  0.3437260      2.8186679E-02
  0.3491820      2.9971242E-02
  0.3546380      3.0692220E-02
  0.3600940      3.0862927E-02
  0.3655500      3.2062292E-02
  0.3710060      3.4930706E-02
  0.3764620      3.8272500E-02
  0.3819180      4.0226102E-02
  0.3873740      3.9832711E-02
  0.3928300      3.7292123E-02
  0.3982860      3.4675956E-02
  0.4037420      3.3620596E-02
  0.4091980      3.4142375E-02
  0.4146540      3.4427643E-02
  0.4201100      3.3252001E-02
  0.4255660      3.1059146E-02
  0.4310220      2.9529452E-02
  0.4364780      2.9214501E-02
  0.4419340      2.9365540E-02
  0.4473900      2.8935671E-02
  0.4528460      2.7621031E-02
  0.4583010      2.5831103E-02
  0.4637570      2.4358273E-02
  0.4692130      2.3849249E-02
  0.4746690      2.4392486E-02
  0.4801250      2.5344133E-02
  0.4855810      2.5955439E-02
  0.4910370      2.5991559E-02
  0.4964930      2.5583029E-02
  0.5019490      2.5086045E-02
  0.5074050      2.4533153E-02
  0.5128610      2.3670554E-02
  0.5183170      2.2674441E-02
  0.5237730      2.2086978E-02
  0.5292290      2.2606611E-02
  0.5346850      2.4369121E-02
  0.5401410      2.6586294E-02
  0.5455970      2.8013349E-02
  0.5510530      2.7629256E-02
  0.5565090      2.5763392E-02
  0.5619650      2.3502231E-02
  0.5674210      2.1953940E-02
  0.5728770      2.1384954E-02
  0.5783330      2.1466017E-02
  0.5837890      2.1726131E-02
  0.5892450      2.2018552E-02
  0.5947010      2.1926522E-02
  0.6001570      2.1324635E-02
  0.6056130      2.0678639E-02
  0.6110690      1.9956112E-02
  0.6165250      1.9255280E-02
  0.6219810      1.8789768E-02
  0.6274370      1.8920541E-02
  0.6328930      1.9634724E-02
  0.6383480      2.0009637E-02
  0.6438040      1.9217253E-02
  0.6492600      1.7821908E-02
  0.6547160      1.7125726E-02
  0.6601720      1.7938972E-02
  0.6656280      1.9622803E-02
  0.6710840      2.0827174E-02
  0.6765400      2.1772861E-02
  0.6819960      1.9843936E-02
  0.6874520      1.8921733E-02
  0.6929080      1.8596292E-02
  0.6983640      1.8998623E-02
  0.7038200      2.0197511E-02
  0.7092760      2.2179127E-02
  0.7147320      2.4284601E-02
  0.7201880      2.5435448E-02
  0.7256440      2.4933696E-02
  0.7311000      2.3153305E-02
  0.7365560      2.1303296E-02
  0.7420120      1.9588947E-02
  0.7474680      1.8394709E-02
  0.7529240      1.7841697E-02
  0.7583800      1.7867088E-02
  0.7638360      1.8156290E-02
  0.7692920      1.8286824E-02
  0.7747480      1.7957330E-02
  0.7802040      1.7095685E-02
  0.7856600      1.6198635E-02
  0.7911160      1.5834928E-02
  0.7965720      1.6060591E-02
  0.8020280      1.6542077E-02
  0.8074840      1.6470313E-02
  0.8129400      1.5963435E-02
  0.8183960      1.5553594E-02
  0.8238510      1.5455723E-02
  0.8293070      1.5361190E-02
  0.8347630      1.5199065E-02
  0.8402190      1.5274048E-02
  0.8456750      1.5872240E-02
