  0.2018710      5.5958986E-02
  0.2073270      5.0731301E-02
  0.2127830      4.5321226E-02
  0.2182390      4.3361545E-02
  0.2236950      4.0943861E-02
  0.2291510      3.8497210E-02
  0.2346070      4.0448904E-02
  0.2400630      4.7663212E-02
  0.2455190      5.4905295E-02
  0.2509750      5.6197762E-02
  0.2564310      5.4483294E-02
  0.2618870      5.5544019E-02
  0.2673430      5.7467699E-02
  0.2727980      5.7122231E-02
  0.2782540      5.1900506E-02
  0.2837100      4.6618819E-02
  0.2891660      4.3263555E-02
  0.2946220      4.0314913E-02
  0.3000780      3.6241651E-02
  0.3055340      3.2173634E-02
  0.3109900      2.9993176E-02
  0.3164460      3.0403733E-02
  0.3219020      3.1950116E-02
  0.3273580      3.3137083E-02
  0.3328140      3.3802390E-02
  0.3382700      3.4858823E-02
  0.3437260      3.5169363E-02
  0.3491820      3.3127069E-02
  0.3546380      2.9144526E-02
  0.3600940      2.5732279E-02
  0.3655500      2.4944067E-02
  0.3710060      2.6576042E-02
  0.3764620      2.9106021E-02
  0.3819180      3.1197429E-02
  0.3873740      3.2039523E-02
  0.3928300      3.1391859E-02
  0.3982860      3.0431986E-02
  0.4037420      3.0032039E-02
  0.4091980      3.0419827E-02
  0.4146540      3.1107664E-02
  0.4201100      3.2032609E-02
  0.4255660      3.3057094E-02
  0.4310220      3.3876538E-02
  0.4364780      3.4043312E-02
  0.4419340      3.3494592E-02
  0.4473900      3.2337546E-02
  0.4528460      3.0768514E-02
  0.4583010      2.8946161E-02
  0.4637570      2.7274489E-02
  0.4692130      2.6177406E-02
  0.4746690      2.5760055E-02
  0.4801250      2.5609374E-02
  0.4855810      2.5313973E-02
  0.4910370      2.4814248E-02
  0.4964930      2.4427056E-02
  0.5019490      2.4849296E-02
  0.5074050      2.6269197E-02
  0.5128610      2.8061271E-02
  0.5183170      2.9576778E-02
  0.5237730      3.0278683E-02
  0.5292290      2.9917836E-02
  0.5346850      2.8462768E-02
  0.5401410      2.6409507E-02
  0.5455970      2.4441600E-02
  0.5510530      2.2999406E-02
  0.5565090      2.2134304E-02
  0.5619650      2.1224618E-02
  0.5674210      1.9940734E-02
  0.5728770      1.9019961E-02
  0.5783330      1.9216299E-02
  0.5837890      1.9987702E-02
  0.5892450      2.0437479E-02
  0.5947010      2.0516515E-02
  0.6001570      2.0973563E-02
  0.6056130      2.2391915E-02
  0.6110690      2.4277568E-02
  0.6165250      2.6124239E-02
  0.6219810      2.7236938E-02
  0.6274370      2.6598096E-02
  0.6328930      2.3815036E-02
  0.6383480      1.9865155E-02
  0.6438040      1.6606688E-02
  0.6492600      1.5214562E-02
  0.6547160      1.5452504E-02
  0.6601720      1.6576648E-02
  0.6656280      1.8145800E-02
  0.6710840      1.9742846E-02
  0.6765400      2.1757245E-02
  0.6819960      2.0810246E-02
  0.6874520      2.0152688E-02
  0.6929080      1.9417048E-02
  0.6983640      1.9035339E-02
  0.7038200      1.8926024E-02
  0.7092760      1.8828034E-02
  0.7147320      1.8584609E-02
  0.7201880      1.8084884E-02
  0.7256440      1.7273188E-02
  0.7311000      1.6328692E-02
  0.7365560      1.5954018E-02
  0.7420120      1.6167402E-02
  0.7474680      1.6782999E-02
  0.7529240      1.7065406E-02
  0.7583800      1.6687393E-02
  0.7638360      1.6206145E-02
  0.7692920      1.6462564E-02
  0.7747480      1.7769814E-02
  0.7802040      1.9494534E-02
  0.7856600      2.0895362E-02
  0.7911160      2.1526933E-02
  0.7965720      2.1319985E-02
  0.8020280      2.0775795E-02
  0.8074840      1.9950986E-02
  0.8129400      1.9030094E-02
  0.8183960      1.8014312E-02
  0.8238510      1.7091393E-02
  0.8293070      1.6631365E-02
  0.8347630      1.6901016E-02
  0.8402190      1.7753243E-02
  0.8456750      1.8453121E-02
