  0.2018710      7.6576352E-02
  0.2073270      7.4808359E-02
  0.2127830      6.9818020E-02
  0.2182390      6.2916994E-02
  0.2236950      5.7013869E-02
  0.2291510      5.2239537E-02
  0.2346070      4.8439741E-02
  0.2400630      4.4903278E-02
  0.2455190      4.1664362E-02
  0.2509750      3.9903760E-02
  0.2564310      4.0994883E-02
  0.2618870      4.4440985E-02
  0.2673430      4.7258377E-02
  0.2727980      4.6937585E-02
  0.2782540      4.0667534E-02
  0.2837100      3.3201694E-02
  0.2891660      2.9842138E-02
  0.2946220      3.0346990E-02
  0.3000780      3.0696630E-02
  0.3055340      2.9577494E-02
  0.3109900      2.8785229E-02
  0.3164460      3.0313969E-02
  0.3219020      3.3512235E-02
  0.3273580      3.6481261E-02
  0.3328140      3.8057208E-02
  0.3382700      3.9036989E-02
  0.3437260      3.9814472E-02
  0.3491820      4.0223598E-02
  0.3546380      4.0093303E-02
  0.3600940      3.9652705E-02
  0.3655500      3.9174914E-02
  0.3710060      3.8347960E-02
  0.3764620      3.7115932E-02
  0.3819180      3.6215067E-02
  0.3873740      3.5926342E-02
  0.3928300      3.4667134E-02
  0.3982860      3.1413555E-02
  0.4037420      2.7476192E-02
  0.4091980      2.5907755E-02
  0.4146540      2.7885079E-02
  0.4201100      3.1785846E-02
  0.4255660      3.4527659E-02
  0.4310220      3.4338713E-02
  0.4364780      3.1656027E-02
  0.4419340      2.8324485E-02
  0.4473900      2.6025176E-02
  0.4528460      2.5567770E-02
  0.4583010      2.6826501E-02
  0.4637570      2.9027939E-02
  0.4692130      3.1161427E-02
  0.4746690      3.2462955E-02
  0.4801250      3.2641530E-02
  0.4855810      3.2167554E-02
  0.4910370      3.1707644E-02
  0.4964930      3.1384110E-02
  0.5019490      3.0868411E-02
  0.5074050      2.9566288E-02
  0.5128610      2.7292132E-02
  0.5183170      2.4873853E-02
  0.5237730      2.3232341E-02
  0.5292290      2.2783518E-02
  0.5346850      2.3354411E-02
  0.5401410      2.4537921E-02
  0.5455970      2.5732279E-02
  0.5510530      2.6225924E-02
  0.5565090      2.6030779E-02
  0.5619650      2.5780797E-02
  0.5674210      2.5906205E-02
  0.5728770      2.6294827E-02
  0.5783330      2.6626229E-02
  0.5837890      2.6510835E-02
  0.5892450      2.6026487E-02
  0.5947010      2.5318384E-02
  0.6001570      2.4771929E-02
  0.6056130      2.5008202E-02
  0.6110690      2.5854707E-02
  0.6165250      2.6944995E-02
  0.6219810      2.7428508E-02
  0.6274370      2.6707292E-02
  0.6328930      2.5143027E-02
  0.6383480      2.3709893E-02
  0.6438040      2.2994161E-02
  0.6492600      2.2888660E-02
  0.6547160      2.2952437E-02
  0.6601720      2.3048759E-02
  0.6656280      2.3023009E-02
  0.6710840      2.2402048E-02
  0.6765400      2.1874905E-02
  0.6819960      1.9054651E-02
  0.6874520      1.7960429E-02
  0.6929080      1.8322110E-02
  0.6983640      1.9542933E-02
  0.7038200      2.0223141E-02
  0.7092760      1.9538522E-02
  0.7147320      1.7942190E-02
  0.7201880      1.6225338E-02
  0.7256440      1.4833331E-02
  0.7311000      1.3969421E-02
  0.7365560      1.4266968E-02
  0.7420120      1.5685916E-02
  0.7474680      1.7731428E-02
  0.7529240      1.9410253E-02
  0.7583800      2.0387530E-02
  0.7638360      2.0956874E-02
  0.7692920      2.1230698E-02
  0.7747480      2.0996809E-02
  0.7802040      2.0246029E-02
  0.7856600      1.9670486E-02
  0.7911160      1.9605994E-02
  0.7965720      1.9591212E-02
  0.8020280      1.9191146E-02
  0.8074840      1.8193245E-02
  0.8129400      1.7374754E-02
  0.8183960      1.7290235E-02
  0.8238510      1.7732978E-02
  0.8293070      1.8185139E-02
  0.8347630      1.8486023E-02
  0.8402190      1.8799067E-02
  0.8456750      1.9083500E-02
