  0.2018710      4.1457653E-02
  0.2073270      4.1149259E-02
  0.2127830      3.9027214E-02
  0.2182390      3.7894487E-02
  0.2236950      3.9043784E-02
  0.2291510      3.9596915E-02
  0.2346070      4.0044785E-02
  0.2400630      4.1950464E-02
  0.2455190      4.7011495E-02
  0.2509750      5.3335309E-02
  0.2564310      5.6393027E-02
  0.2618870      5.5002451E-02
  0.2673430      5.1304460E-02
  0.2727980      4.7443271E-02
  0.2782540      4.1888833E-02
  0.2837100      3.7663579E-02
  0.2891660      3.6462188E-02
  0.2946220      3.7327051E-02
  0.3000780      3.8431048E-02
  0.3055340      3.9009571E-02
  0.3109900      3.8283706E-02
  0.3164460      3.5473108E-02
  0.3219020      3.2273293E-02
  0.3273580      3.1645417E-02
  0.3328140      3.3751369E-02
  0.3382700      3.6356449E-02
  0.3437260      3.7403226E-02
  0.3491820      3.6843181E-02
  0.3546380      3.6153674E-02
  0.3600940      3.5994053E-02
  0.3655500      3.5706162E-02
  0.3710060      3.4348845E-02
  0.3764620      3.2347083E-02
  0.3819180      3.0984044E-02
  0.3873740      3.0933619E-02
  0.3928300      3.1477571E-02
  0.3982860      3.1907082E-02
  0.4037420      3.1610727E-02
  0.4091980      3.0479431E-02
  0.4146540      2.8754830E-02
  0.4201100      2.7312636E-02
  0.4255660      2.6671410E-02
  0.4310220      2.6863813E-02
  0.4364780      2.7561307E-02
  0.4419340      2.8417826E-02
  0.4473900      2.8981924E-02
  0.4528460      2.9044986E-02
  0.4583010      2.8876662E-02
  0.4637570      2.8856993E-02
  0.4692130      2.8997540E-02
  0.4746690      2.9078841E-02
  0.4801250      2.9064178E-02
  0.4855810      2.9267550E-02
  0.4910370      2.9718518E-02
  0.4964930      2.9481053E-02
  0.5019490      2.7772665E-02
  0.5074050      2.4887919E-02
  0.5128610      2.2238016E-02
  0.5183170      2.1392345E-02
  0.5237730      2.2279739E-02
  0.5292290      2.3566723E-02
  0.5346850      2.3947597E-02
  0.5401410      2.3579717E-02
  0.5455970      2.3473501E-02
  0.5510530      2.4061322E-02
  0.5565090      2.4802566E-02
  0.5619650      2.4803877E-02
  0.5674210      2.3911595E-02
  0.5728770      2.2946715E-02
  0.5783330      2.2968888E-02
  0.5837890      2.3823023E-02
  0.5892450      2.4259686E-02
  0.5947010      2.3202300E-02
  0.6001570      2.1093249E-02
  0.6056130      1.9544005E-02
  0.6110690      1.8983006E-02
  0.6165250      1.8985868E-02
  0.6219810      1.8614650E-02
  0.6274370      1.7179966E-02
  0.6328930      1.5054226E-02
  0.6383480      1.3584614E-02
  0.6438040      1.3955235E-02
  0.6492600      1.6011357E-02
  0.6547160      1.8163681E-02
  0.6601720      1.9033432E-02
  0.6656280      1.8701196E-02
  0.6710840      1.8452883E-02
  0.6765400      2.0202398E-02
  0.6819960      2.1180749E-02
  0.6874520      2.3201346E-02
  0.6929080      2.4423718E-02
  0.6983640      2.4437428E-02
  0.7038200      2.3531914E-02
  0.7092760      2.2433400E-02
  0.7147320      2.1899343E-02
  0.7201880      2.2228122E-02
  0.7256440      2.2961378E-02
  0.7311000      2.3283124E-02
  0.7365560      2.3195982E-02
  0.7420120      2.2514343E-02
  0.7474680      2.1854281E-02
  0.7529240      2.1392345E-02
  0.7583800      2.1011591E-02
  0.7638360      2.0750642E-02
  0.7692920      2.0637751E-02
  0.7747480      2.0474315E-02
  0.7802040      1.9872904E-02
  0.7856600      1.8910050E-02
  0.7911160      1.7855883E-02
  0.7965720      1.6912580E-02
  0.8020280      1.6429424E-02
  0.8074840      1.6170740E-02
  0.8129400      1.6011000E-02
  0.8183960      1.5683532E-02
  0.8238510      1.5080571E-02
  0.8293070      1.4354825E-02
  0.8347630      1.3852835E-02
  0.8402190      1.3771057E-02
  0.8456750      1.3982534E-02
