  0.2018710      4.7931790E-02
  0.2073270      4.2488813E-02
  0.2127830      4.1785836E-02
  0.2182390      4.3551087E-02
  0.2236950      4.2231560E-02
  0.2291510      3.9517999E-02
  0.2346070      3.8425922E-02
  0.2400630      3.7939787E-02
  0.2455190      3.5423160E-02
  0.2509750      3.2002330E-02
  0.2564310      3.2551408E-02
  0.2618870      3.7106514E-02
  0.2673430      4.0847301E-02
  0.2727980      4.1638374E-02
  0.2782540      3.8741827E-02
  0.2837100      3.6966085E-02
  0.2891660      3.7699938E-02
  0.2946220      3.8939834E-02
  0.3000780      3.8389444E-02
  0.3055340      3.5783768E-02
  0.3109900      3.2586813E-02
  0.3164460      3.1271815E-02
  0.3219020      3.3138871E-02
  0.3273580      3.6410570E-02
  0.3328140      3.8187742E-02
  0.3382700      3.8125634E-02
  0.3437260      3.7223458E-02
  0.3491820      3.6420703E-02
  0.3546380      3.6015511E-02
  0.3600940      3.6156654E-02
  0.3655500      3.7146330E-02
  0.3710060      3.8093209E-02
  0.3764620      3.7741184E-02
  0.3819180      3.6114693E-02
  0.3873740      3.4867406E-02
  0.3928300      3.5495281E-02
  0.3982860      3.7876248E-02
  0.4037420      3.9809704E-02
  0.4091980      3.9854288E-02
  0.4146540      3.8298249E-02
  0.4201100      3.6748409E-02
  0.4255660      3.5558939E-02
  0.4310220      3.4255266E-02
  0.4364780      3.2492757E-02
  0.4419340      3.0512094E-02
  0.4473900      2.8527379E-02
  0.4528460      2.6758075E-02
  0.4583010      2.5773287E-02
  0.4637570      2.6209474E-02
  0.4692130      2.7915120E-02
  0.4746690      2.9480100E-02
  0.4801250      2.9277444E-02
  0.4855810      2.7510643E-02
  0.4910370      2.6089787E-02
  0.4964930      2.6494384E-02
  0.5019490      2.8251767E-02
  0.5074050      2.9656291E-02
  0.5128610      2.9365420E-02
  0.5183170      2.7669191E-02
  0.5237730      2.5409937E-02
  0.5292290      2.3469090E-02
  0.5346850      2.2437572E-02
  0.5401410      2.2726297E-02
  0.5455970      2.3975611E-02
  0.5510530      2.4861455E-02
  0.5565090      2.4505138E-02
  0.5619650      2.3221850E-02
  0.5674210      2.2039294E-02
  0.5728770      2.1329045E-02
  0.5783330      2.0650268E-02
  0.5837890      1.9546628E-02
  0.5892450      1.8362880E-02
  0.5947010      1.7747998E-02
  0.6001570      1.8166304E-02
  0.6056130      1.9563913E-02
  0.6110690      2.0800710E-02
  0.6165250      2.1292090E-02
  0.6219810      2.1387219E-02
  0.6274370      2.1672249E-02
  0.6328930      2.2137046E-02
  0.6383480      2.2353292E-02
  0.6438040      2.2147655E-02
  0.6492600      2.1847606E-02
  0.6547160      2.1532297E-02
  0.6601720      2.1035433E-02
  0.6656280      2.0140886E-02
  0.6710840      1.8928766E-02
  0.6765400      1.8748522E-02
  0.6819960      1.7527938E-02
  0.6874520      1.7747879E-02
  0.6929080      1.7920017E-02
  0.6983640      1.7456889E-02
  0.7038200      1.6449451E-02
  0.7092760      1.5446305E-02
  0.7147320      1.4806390E-02
  0.7201880      1.4431715E-02
  0.7256440      1.4139771E-02
  0.7311000      1.3929248E-02
  0.7365560      1.4056325E-02
  0.7420120      1.4240623E-02
  0.7474680      1.4680505E-02
  0.7529240      1.5461564E-02
  0.7583800      1.6343117E-02
  0.7638360      1.7045856E-02
  0.7692920      1.7595530E-02
  0.7747480      1.8236756E-02
  0.7802040      1.8777132E-02
  0.7856600      1.8853307E-02
  0.7911160      1.8173933E-02
  0.7965720      1.6787887E-02
  0.8020280      1.5268087E-02
  0.8074840      1.4026284E-02
  0.8129400      1.3791561E-02
  0.8183960      1.4734983E-02
  0.8238510      1.6059637E-02
  0.8293070      1.6531110E-02
  0.8347630      1.5666366E-02
  0.8402190      1.4269352E-02
  0.8456750      1.3313651E-02
