  0.2018710      5.4081321E-02
  0.2073270      5.3097606E-02
  0.2127830      5.0559402E-02
  0.2182390      4.7129035E-02
  0.2236950      4.6284556E-02
  0.2291510      4.7253370E-02
  0.2346070      4.7634840E-02
  0.2400630      4.6294808E-02
  0.2455190      4.4672012E-02
  0.2509750      4.4839859E-02
  0.2564310      4.5261860E-02
  0.2618870      4.4059753E-02
  0.2673430      4.1357636E-02
  0.2727980      3.9681315E-02
  0.2782540      3.8439751E-02
  0.2837100      3.8336515E-02
  0.2891660      3.7877679E-02
  0.2946220      3.7417173E-02
  0.3000780      3.8270235E-02
  0.3055340      4.0801883E-02
  0.3109900      4.4122100E-02
  0.3164460      4.5981288E-02
  0.3219020      4.4392347E-02
  0.3273580      4.0370941E-02
  0.3328140      3.6163092E-02
  0.3382700      3.3616424E-02
  0.3437260      3.2594919E-02
  0.3491820      3.2591939E-02
  0.3546380      3.3834696E-02
  0.3600940      3.6068082E-02
  0.3655500      3.8224101E-02
  0.3710060      3.8618445E-02
  0.3764620      3.6948681E-02
  0.3819180      3.4519196E-02
  0.3873740      3.2839417E-02
  0.3928300      3.1815290E-02
  0.3982860      3.1240463E-02
  0.4037420      3.1350970E-02
  0.4091980      3.2584786E-02
  0.4146540      3.4470916E-02
  0.4201100      3.6375642E-02
  0.4255660      3.7531495E-02
  0.4310220      3.7781715E-02
  0.4364780      3.7166238E-02
  0.4419340      3.5955071E-02
  0.4473900      3.4176588E-02
  0.4528460      3.1924963E-02
  0.4583010      2.9376864E-02
  0.4637570      2.7066350E-02
  0.4692130      2.5770903E-02
  0.4746690      2.6242018E-02
  0.4801250      2.8433442E-02
  0.4855810      3.1193852E-02
  0.4910370      3.2762766E-02
  0.4964930      3.1937838E-02
  0.5019490      2.9483795E-02
  0.5074050      2.7341366E-02
  0.5128610      2.6481748E-02
  0.5183170      2.6597619E-02
  0.5237730      2.6529908E-02
  0.5292290      2.5472283E-02
  0.5346850      2.3232818E-02
  0.5401410      2.0562172E-02
  0.5455970      1.8744826E-02
  0.5510530      1.8536091E-02
  0.5565090      1.9678235E-02
  0.5619650      2.1293640E-02
  0.5674210      2.2812963E-02
  0.5728770      2.4109364E-02
  0.5783330      2.4886370E-02
  0.5837890      2.4830461E-02
  0.5892450      2.4333000E-02
  0.5947010      2.3676753E-02
  0.6001570      2.2848129E-02
  0.6056130      2.1972418E-02
  0.6110690      2.1186113E-02
  0.6165250      2.1084189E-02
  0.6219810      2.1750569E-02
  0.6274370      2.2613287E-02
  0.6328930      2.2983432E-02
  0.6383480      2.2471786E-02
  0.6438040      2.0796299E-02
  0.6492600      1.8317103E-02
  0.6547160      1.6060233E-02
  0.6601720      1.5385628E-02
  0.6656280      1.6585946E-02
  0.6710840      1.8456936E-02
  0.6765400      2.0290256E-02
  0.6819960      1.8700600E-02
  0.6874520      1.7300487E-02
  0.6929080      1.6392708E-02
  0.6983640      1.6594172E-02
  0.7038200      1.7496109E-02
  0.7092760      1.8205881E-02
  0.7147320      1.8215299E-02
  0.7201880      1.7632127E-02
  0.7256440      1.6907692E-02
  0.7311000      1.6610026E-02
  0.7365560      1.7451048E-02
  0.7420120      1.9010901E-02
  0.7474680      2.0723104E-02
  0.7529240      2.1715045E-02
  0.7583800      2.1529317E-02
  0.7638360      2.0339966E-02
  0.7692920      1.8632889E-02
  0.7747480      1.6930580E-02
  0.7802040      1.5524626E-02
  0.7856600      1.4789224E-02
  0.7911160      1.4864922E-02
  0.7965720      1.5518785E-02
  0.8020280      1.6430616E-02
  0.8074840      1.7091990E-02
  0.8129400      1.7516136E-02
  0.8183960      1.7903328E-02
  0.8238510      1.8249750E-02
  0.8293070      1.8286943E-02
  0.8347630      1.7866850E-02
  0.8402190      1.7319679E-02
  0.8456750      1.7082334E-02
