  0.2018710      4.7868490E-02
  0.2073270      4.4654489E-02
  0.2127830      4.2488217E-02
  0.2182390      4.3419957E-02
  0.2236950      4.2530775E-02
  0.2291510      3.9743423E-02
  0.2346070      3.8564682E-02
  0.2400630      3.9881349E-02
  0.2455190      4.2113900E-02
  0.2509750      4.3729067E-02
  0.2564310      4.4451475E-02
  0.2618870      4.5339465E-02
  0.2673430      4.6103477E-02
  0.2727980      4.6628952E-02
  0.2782540      4.5818210E-02
  0.2837100      4.7127485E-02
  0.2891660      5.1036477E-02
  0.2946220      5.4486752E-02
  0.3000780      5.4499984E-02
  0.3055340      5.1598310E-02
  0.3109900      4.8217297E-02
  0.3164460      4.6175003E-02
  0.3219020      4.5201540E-02
  0.3273580      4.4140458E-02
  0.3328140      4.2479515E-02
  0.3382700      4.1354895E-02
  0.3437260      4.0764213E-02
  0.3491820      3.9956927E-02
  0.3546380      3.8362265E-02
  0.3600940      3.6308050E-02
  0.3655500      3.4835219E-02
  0.3710060      3.4119129E-02
  0.3764620      3.3520460E-02
  0.3819180      3.2697678E-02
  0.3873740      3.1925082E-02
  0.3928300      3.1447887E-02
  0.3982860      3.1907320E-02
  0.4037420      3.3263683E-02
  0.4091980      3.4500957E-02
  0.4146540      3.4178495E-02
  0.4201100      3.2512784E-02
  0.4255660      3.1009555E-02
  0.4310220      3.0737519E-02
  0.4364780      3.0772924E-02
  0.4419340      2.9950976E-02
  0.4473900      2.8394341E-02
  0.4528460      2.7036548E-02
  0.4583010      2.6224494E-02
  0.4637570      2.5706887E-02
  0.4692130      2.5554299E-02
  0.4746690      2.6324630E-02
  0.4801250      2.7981877E-02
  0.4855810      2.9583573E-02
  0.4910370      3.0192137E-02
  0.4964930      2.9548407E-02
  0.5019490      2.8111458E-02
  0.5074050      2.6097775E-02
  0.5128610      2.3616791E-02
  0.5183170      2.1467447E-02
  0.5237730      2.0479083E-02
  0.5292290      2.0955682E-02
  0.5346850      2.2518992E-02
  0.5401410      2.4237752E-02
  0.5455970      2.4914026E-02
  0.5510530      2.3996949E-02
  0.5565090      2.2435784E-02
  0.5619650      2.1277189E-02
  0.5674210      2.0663023E-02
  0.5728770      2.0114064E-02
  0.5783330      1.9721508E-02
  0.5837890      1.9787908E-02
  0.5892450      2.0481348E-02
  0.5947010      2.1216273E-02
  0.6001570      2.1407843E-02
  0.6056130      2.1185756E-02
  0.6110690      2.0954967E-02
  0.6165250      2.1433353E-02
  0.6219810      2.2574902E-02
  0.6274370      2.3720384E-02
  0.6328930      2.4340391E-02
  0.6383480      2.4362922E-02
  0.6438040      2.3783803E-02
  0.6492600      2.2817969E-02
  0.6547160      2.1776915E-02
  0.6601720      2.1193862E-02
  0.6656280      2.1229506E-02
  0.6710840      2.1548986E-02
  0.6765400      2.2737145E-02
  0.6819960      2.1551013E-02
  0.6874520      2.1128654E-02
  0.6929080      2.0279288E-02
  0.6983640      1.9292355E-02
  0.7038200      1.8733501E-02
  0.7092760      1.8913031E-02
  0.7147320      1.9466400E-02
  0.7201880      1.9776225E-02
  0.7256440      1.9667625E-02
  0.7311000      1.9524574E-02
  0.7365560      2.0091534E-02
  0.7420120      2.0949244E-02
  0.7474680      2.1754146E-02
  0.7529240      2.2128105E-02
  0.7583800      2.2039413E-02
  0.7638360      2.1583557E-02
  0.7692920      2.0747781E-02
  0.7747480      1.9633889E-02
  0.7802040      1.8404126E-02
  0.7856600      1.7477989E-02
  0.7911160      1.6888618E-02
  0.7965720      1.6410828E-02
  0.8020280      1.6206264E-02
  0.8074840      1.6299367E-02
  0.8129400      1.6764760E-02
  0.8183960      1.7132878E-02
  0.8238510      1.6980767E-02
  0.8293070      1.6493917E-02
  0.8347630      1.6393423E-02
  0.8402190      1.7055869E-02
  0.8456750      1.8026352E-02
