  0.2018710      6.4657927E-02
  0.2073270      6.7708015E-02
  0.2127830      6.7737103E-02
  0.2182390      6.4371705E-02
  0.2236950      6.1793566E-02
  0.2291510      6.3631177E-02
  0.2346070      6.9033742E-02
  0.2400630      7.3791981E-02
  0.2455190      7.4319839E-02
  0.2509750      7.1897745E-02
  0.2564310      6.8645954E-02
  0.2618870      6.4534187E-02
  0.2673430      5.9284091E-02
  0.2727980      5.5286884E-02
  0.2782540      5.2727103E-02
  0.2837100      5.2585721E-02
  0.2891660      5.2493215E-02
  0.2946220      5.0898671E-02
  0.3000780      4.7925949E-02
  0.3055340      4.4578671E-02
  0.3109900      4.1508079E-02
  0.3164460      3.8602829E-02
  0.3219020      3.5794735E-02
  0.3273580      3.3729315E-02
  0.3328140      3.3079863E-02
  0.3382700      3.3751965E-02
  0.3437260      3.4366012E-02
  0.3491820      3.3943892E-02
  0.3546380      3.3391833E-02
  0.3600940      3.3720613E-02
  0.3655500      3.4400702E-02
  0.3710060      3.4377933E-02
  0.3764620      3.3748746E-02
  0.3819180      3.4027815E-02
  0.3873740      3.6071420E-02
  0.3928300      3.8287401E-02
  0.3982860      3.9121866E-02
  0.4037420      3.8561106E-02
  0.4091980      3.8081765E-02
  0.4146540      3.8268447E-02
  0.4201100      3.9054394E-02
  0.4255660      3.9446235E-02
  0.4310220      3.8960695E-02
  0.4364780      3.7801743E-02
  0.4419340      3.6455154E-02
  0.4473900      3.5062075E-02
  0.4528460      3.3638120E-02
  0.4583010      3.2354116E-02
  0.4637570      3.1428337E-02
  0.4692130      3.0676365E-02
  0.4746690      2.9602170E-02
  0.4801250      2.7967691E-02
  0.4855810      2.6482344E-02
  0.4910370      2.6007891E-02
  0.4964930      2.6207685E-02
  0.5019490      2.6262641E-02
  0.5074050      2.5662661E-02
  0.5128610      2.4754286E-02
  0.5183170      2.4401069E-02
  0.5237730      2.5054693E-02
  0.5292290      2.6337862E-02
  0.5346850      2.7026772E-02
  0.5401410      2.6161432E-02
  0.5455970      2.4167180E-02
  0.5510530      2.2638321E-02
  0.5565090      2.2555828E-02
  0.5619650      2.3105145E-02
  0.5674210      2.2915125E-02
  0.5728770      2.2003174E-02
  0.5783330      2.1682382E-02
  0.5837890      2.2669315E-02
  0.5892450      2.4369717E-02
  0.5947010      2.5420666E-02
  0.6001570      2.5120378E-02
  0.6056130      2.4022818E-02
  0.6110690      2.2867084E-02
  0.6165250      2.2191644E-02
  0.6219810      2.1633983E-02
  0.6274370      2.0539284E-02
  0.6328930      1.9129634E-02
  0.6383480      1.8338799E-02
  0.6438040      1.8782496E-02
  0.6492600      2.0331621E-02
  0.6547160      2.2163153E-02
  0.6601720      2.3584485E-02
  0.6656280      2.4322629E-02
  0.6710840      2.4394274E-02
  0.6765400      2.4806142E-02
  0.6819960      2.2390842E-02
  0.6874520      2.0779729E-02
  0.6929080      1.9821644E-02
  0.6983640      2.0224929E-02
  0.7038200      2.1842003E-02
  0.7092760      2.3666859E-02
  0.7147320      2.4699211E-02
  0.7201880      2.4559021E-02
  0.7256440      2.3706555E-02
  0.7311000      2.2890210E-02
  0.7365560      2.2666097E-02
  0.7420120      2.2064567E-02
  0.7474680      2.0942688E-02
  0.7529240      1.9755006E-02
  0.7583800      1.9057512E-02
  0.7638360      1.8728852E-02
  0.7692920      1.8204808E-02
  0.7747480      1.7437220E-02
  0.7802040      1.6738892E-02
  0.7856600      1.6347766E-02
  0.7911160      1.5921593E-02
  0.7965720      1.5083432E-02
  0.8020280      1.4252543E-02
  0.8074840      1.3741732E-02
  0.8129400      1.3754129E-02
  0.8183960      1.3988376E-02
  0.8238510      1.4173031E-02
  0.8293070      1.4361382E-02
  0.8347630      1.4679193E-02
  0.8402190      1.4889121E-02
  0.8456750      1.4672518E-02
