  0.2018710      3.9642930E-02
  0.2073270      4.0693164E-02
  0.2127830      4.4101596E-02
  0.2182390      5.4268599E-02
  0.2236950      6.4790964E-02
  0.2291510      6.8050742E-02
  0.2346070      6.3956738E-02
  0.2400630      5.5404663E-02
  0.2455190      4.8080683E-02
  0.2509750      4.7264457E-02
  0.2564310      5.0277948E-02
  0.2618870      5.2617192E-02
  0.2673430      5.3005457E-02
  0.2727980      5.2362204E-02
  0.2782540      4.8659086E-02
  0.2837100      4.3564558E-02
  0.2891660      3.8345456E-02
  0.2946220      3.4566879E-02
  0.3000780      3.3282638E-02
  0.3055340      3.4793973E-02
  0.3109900      3.7367105E-02
  0.3164460      3.8125396E-02
  0.3219020      3.6948800E-02
  0.3273580      3.6062479E-02
  0.3328140      3.6704183E-02
  0.3382700      3.8348794E-02
  0.3437260      3.9653659E-02
  0.3491820      3.9791584E-02
  0.3546380      3.9110422E-02
  0.3600940      3.8112044E-02
  0.3655500      3.7134051E-02
  0.3710060      3.5342574E-02
  0.3764620      3.2536745E-02
  0.3819180      3.0461192E-02
  0.3873740      3.1019568E-02
  0.3928300      3.4040332E-02
  0.3982860      3.7704706E-02
  0.4037420      3.9974451E-02
  0.4091980      4.0198326E-02
  0.4146540      3.8730502E-02
  0.4201100      3.6914825E-02
  0.4255660      3.5625219E-02
  0.4310220      3.5249472E-02
  0.4364780      3.5407662E-02
  0.4419340      3.5691381E-02
  0.4473900      3.5740495E-02
  0.4528460      3.5238504E-02
  0.4583010      3.3899069E-02
  0.4637570      3.1888723E-02
  0.4692130      2.9946089E-02
  0.4746690      2.8750420E-02
  0.4801250      2.8281808E-02
  0.4855810      2.8099537E-02
  0.4910370      2.7749181E-02
  0.4964930      2.6737213E-02
  0.5019490      2.4998546E-02
  0.5074050      2.2825599E-02
  0.5128610      2.0823836E-02
  0.5183170      1.9809484E-02
  0.5237730      2.0115852E-02
  0.5292290      2.1446705E-02
  0.5346850      2.2966981E-02
  0.5401410      2.3975015E-02
  0.5455970      2.4430394E-02
  0.5510530      2.4693131E-02
  0.5565090      2.5350451E-02
  0.5619650      2.6209831E-02
  0.5674210      2.6347518E-02
  0.5728770      2.4996758E-02
  0.5783330      2.2398710E-02
  0.5837890      1.9852161E-02
  0.5892450      1.8801689E-02
  0.5947010      1.9384742E-02
  0.6001570      2.0365119E-02
  0.6056130      2.0556331E-02
  0.6110690      1.9480467E-02
  0.6165250      1.8139362E-02
  0.6219810      1.7683387E-02
  0.6274370      1.8521547E-02
  0.6328930      2.0011306E-02
  0.6383480      2.1112204E-02
  0.6438040      2.1176338E-02
  0.6492600      2.0597816E-02
  0.6547160      1.9903660E-02
  0.6601720      1.9452333E-02
  0.6656280      1.9325256E-02
  0.6710840      1.9511223E-02
  0.6765400      2.0724893E-02
  0.6819960      1.9965291E-02
  0.6874520      2.0038843E-02
  0.6929080      2.0445108E-02
  0.6983640      2.1433115E-02
  0.7038200      2.2494793E-02
  0.7092760      2.2769928E-02
  0.7147320      2.2010684E-02
  0.7201880      2.0805478E-02
  0.7256440      2.0067453E-02
  0.7311000      2.0275116E-02
  0.7365560      2.1721840E-02
  0.7420120      2.3467779E-02
  0.7474680      2.4856925E-02
  0.7529240      2.5116920E-02
  0.7583800      2.3813248E-02
  0.7638360      2.1312475E-02
  0.7692920      1.8673301E-02
  0.7747480      1.7012358E-02
  0.7802040      1.6677737E-02
  0.7856600      1.7283797E-02
  0.7911160      1.8067598E-02
  0.7965720      1.8404961E-02
  0.8020280      1.8437862E-02
  0.8074840      1.8243551E-02
  0.8129400      1.8274665E-02
  0.8183960      1.8638968E-02
  0.8238510      1.9110680E-02
  0.8293070      1.9487381E-02
  0.8347630      1.9888401E-02
  0.8402190      2.0416498E-02
  0.8456750      2.0713687E-02
