  0.2018710      8.9112043E-02
  0.2073270      7.7007413E-02
  0.2127830      6.1446309E-02
  0.2182390      5.4126740E-02
  0.2236950      5.3377986E-02
  0.2291510      5.1362514E-02
  0.2346070      4.6950579E-02
  0.2400630      4.2066932E-02
  0.2455190      3.8738847E-02
  0.2509750      3.7492514E-02
  0.2564310      3.6183119E-02
  0.2618870      3.4887433E-02
  0.2673430      3.5093904E-02
  0.2727980      3.7345767E-02
  0.2782540      3.8779736E-02
  0.2837100      4.0104270E-02
  0.2891660      4.2375803E-02
  0.2946220      4.5197606E-02
  0.3000780      4.6560407E-02
  0.3055340      4.5598745E-02
  0.3109900      4.2385221E-02
  0.3164460      3.7853122E-02
  0.3219020      3.4387589E-02
  0.3273580      3.3520222E-02
  0.3328140      3.4335732E-02
  0.3382700      3.5354972E-02
  0.3437260      3.5899639E-02
  0.3491820      3.6413908E-02
  0.3546380      3.7617683E-02
  0.3600940      3.9200068E-02
  0.3655500      4.0722370E-02
  0.3710060      4.1629434E-02
  0.3764620      4.1718721E-02
  0.3819180      4.0721059E-02
  0.3873740      3.8491964E-02
  0.3928300      3.5219193E-02
  0.3982860      3.2127738E-02
  0.4037420      2.9792070E-02
  0.4091980      2.8080106E-02
  0.4146540      2.6592851E-02
  0.4201100      2.5785089E-02
  0.4255660      2.6156664E-02
  0.4310220      2.7641535E-02
  0.4364780      2.9011369E-02
  0.4419340      2.9153824E-02
  0.4473900      2.8267026E-02
  0.4528460      2.7811170E-02
  0.4583010      2.8899550E-02
  0.4637570      3.0968070E-02
  0.4692130      3.2220364E-02
  0.4746690      3.1342268E-02
  0.4801250      2.8535128E-02
  0.4855810      2.5345445E-02
  0.4910370      2.3319721E-02
  0.4964930      2.3079276E-02
  0.5019490      2.4657369E-02
  0.5074050      2.7306676E-02
  0.5128610      2.9443145E-02
  0.5183170      2.9646993E-02
  0.5237730      2.7606726E-02
  0.5292290      2.4672747E-02
  0.5346850      2.2754788E-02
  0.5401410      2.2996664E-02
  0.5455970      2.5180817E-02
  0.5510530      2.7730465E-02
  0.5565090      2.8995872E-02
  0.5619650      2.8198361E-02
  0.5674210      2.5858641E-02
  0.5728770      2.3026586E-02
  0.5783330      2.0716786E-02
  0.5837890      1.9769788E-02
  0.5892450      2.0547032E-02
  0.5947010      2.1988273E-02
  0.6001570      2.2586346E-02
  0.6056130      2.2352219E-02
  0.6110690      2.2149324E-02
  0.6165250      2.2675157E-02
  0.6219810      2.3369908E-02
  0.6274370      2.3215771E-02
  0.6328930      2.1911144E-02
  0.6383480      1.9905925E-02
  0.6438040      1.7809033E-02
  0.6492600      1.6310453E-02
  0.6547160      1.5937686E-02
  0.6601720      1.6929507E-02
  0.6656280      1.8895864E-02
  0.6710840      2.0996690E-02
  0.6765400      2.3529172E-02
  0.6819960      2.3201704E-02
  0.6874520      2.3215890E-02
  0.6929080      2.2696614E-02
  0.6983640      2.1627665E-02
  0.7038200      1.9902706E-02
  0.7092760      1.7842054E-02
  0.7147320      1.6292810E-02
  0.7201880      1.5850306E-02
  0.7256440      1.6384244E-02
  0.7311000      1.7354965E-02
  0.7365560      1.8641829E-02
  0.7420120      1.9593000E-02
  0.7474680      2.0087719E-02
  0.7529240      2.0179868E-02
  0.7583800      2.0146847E-02
  0.7638360      2.0115972E-02
  0.7692920      1.9988179E-02
  0.7747480      1.9751072E-02
  0.7802040      1.9388676E-02
  0.7856600      1.9107699E-02
  0.7911160      1.8944025E-02
  0.7965720      1.8710494E-02
  0.8020280      1.8402457E-02
  0.8074840      1.7794728E-02
  0.8129400      1.7243028E-02
  0.8183960      1.7013788E-02
  0.8238510      1.7020106E-02
  0.8293070      1.6946197E-02
  0.8347630      1.6581655E-02
  0.8402190      1.6026616E-02
  0.8456750      1.5552163E-02
