  0.2018710      4.8600316E-02
  0.2073270      4.4449568E-02
  0.2127830      4.4009566E-02
  0.2182390      5.4231048E-02
  0.2236950      6.6387296E-02
  0.2291510      7.1801186E-02
  0.2346070      7.0794225E-02
  0.2400630      6.4497471E-02
  0.2455190      5.4388285E-02
  0.2509750      4.5882583E-02
  0.2564310      4.2807102E-02
  0.2618870      4.2582393E-02
  0.2673430      4.1722894E-02
  0.2727980      4.0899515E-02
  0.2782540      4.0901542E-02
  0.2837100      4.4336319E-02
  0.2891660      4.9606323E-02
  0.2946220      5.4101825E-02
  0.3000780      5.5927992E-02
  0.3055340      5.4745197E-02
  0.3109900      5.1444888E-02
  0.3164460      4.8041344E-02
  0.3219020      4.6372414E-02
  0.3273580      4.6768785E-02
  0.3328140      4.7420382E-02
  0.3382700      4.7065258E-02
  0.3437260      4.4781327E-02
  0.3491820      4.1324139E-02
  0.3546380      3.8706660E-02
  0.3600940      3.7671924E-02
  0.3655500      3.7357092E-02
  0.3710060      3.7044406E-02
  0.3764620      3.6996365E-02
  0.3819180      3.7380338E-02
  0.3873740      3.7412763E-02
  0.3928300      3.6167502E-02
  0.3982860      3.4009457E-02
  0.4037420      3.1283855E-02
  0.4091980      2.8140545E-02
  0.4146540      2.4924994E-02
  0.4201100      2.3091435E-02
  0.4255660      2.3721933E-02
  0.4310220      2.6595116E-02
  0.4364780      3.0049562E-02
  0.4419340      3.2548666E-02
  0.4473900      3.3403635E-02
  0.4528460      3.3025026E-02
  0.4583010      3.2128811E-02
  0.4637570      3.0849099E-02
  0.4692130      2.8924704E-02
  0.4746690      2.6840806E-02
  0.4801250      2.5751233E-02
  0.4855810      2.6299000E-02
  0.4910370      2.7538538E-02
  0.4964930      2.7751923E-02
  0.5019490      2.6836872E-02
  0.5074050      2.6239038E-02
  0.5128610      2.6966810E-02
  0.5183170      2.8502584E-02
  0.5237730      2.8987885E-02
  0.5292290      2.7430654E-02
  0.5346850      2.4618387E-02
  0.5401410      2.2294998E-02
  0.5455970      2.1494865E-02
  0.5510530      2.1777272E-02
  0.5565090      2.2327900E-02
  0.5619650      2.2648335E-02
  0.5674210      2.2837520E-02
  0.5728770      2.3131013E-02
  0.5783330      2.3624182E-02
  0.5837890      2.4348855E-02
  0.5892450      2.5328159E-02
  0.5947010      2.6125669E-02
  0.6001570      2.6168466E-02
  0.6056130      2.5498152E-02
  0.6110690      2.4420381E-02
  0.6165250      2.3681998E-02
  0.6219810      2.3544788E-02
  0.6274370      2.3683071E-02
  0.6328930      2.3820281E-02
  0.6383480      2.4067044E-02
  0.6438040      2.4541616E-02
  0.6492600      2.5089383E-02
  0.6547160      2.5200248E-02
  0.6601720      2.4682760E-02
  0.6656280      2.3754358E-02
  0.6710840      2.2902489E-02
  0.6765400      2.3401141E-02
  0.6819960      2.1867156E-02
  0.6874520      2.0671129E-02
  0.6929080      1.8541694E-02
  0.6983640      1.6222596E-02
  0.7038200      1.4801025E-02
  0.7092760      1.4596581E-02
  0.7147320      1.4950275E-02
  0.7201880      1.5164495E-02
  0.7256440      1.5242219E-02
  0.7311000      1.5661240E-02
  0.7365560      1.7050743E-02
  0.7420120      1.8839240E-02
  0.7474680      2.0348787E-02
  0.7529240      2.0726085E-02
  0.7583800      1.9610405E-02
  0.7638360      1.7562628E-02
  0.7692920      1.5948176E-02
  0.7747480      1.5694141E-02
  0.7802040      1.6205430E-02
  0.7856600      1.6323686E-02
  0.7911160      1.5779138E-02
  0.7965720      1.5156627E-02
  0.8020280      1.5049696E-02
  0.8074840      1.4967322E-02
  0.8129400      1.4699936E-02
  0.8183960      1.4374852E-02
  0.8238510      1.4392495E-02
  0.8293070      1.4952064E-02
  0.8347630      1.5926600E-02
  0.8402190      1.6880274E-02
  0.8456750      1.7310977E-02
