  0.2018710      4.7832131E-02
  0.2073270      5.3129673E-02
  0.2127830      6.0912728E-02
  0.2182390      6.5291166E-02
  0.2236950      6.2881231E-02
  0.2291510      5.7849169E-02
  0.2346070      5.4225087E-02
  0.2400630      5.0708652E-02
  0.2455190      4.4936299E-02
  0.2509750      4.0735722E-02
  0.2564310      4.2215109E-02
  0.2618870      4.7386885E-02
  0.2673430      5.1398277E-02
  0.2727980      5.1819324E-02
  0.2782540      4.7463417E-02
  0.2837100      4.4325113E-02
  0.2891660      4.5412183E-02
  0.2946220      4.7386169E-02
  0.3000780      4.7673345E-02
  0.3055340      4.6988726E-02
  0.3109900      4.6168327E-02
  0.3164460      4.5317531E-02
  0.3219020      4.5091033E-02
  0.3273580      4.5055032E-02
  0.3328140      4.3352485E-02
  0.3382700      3.9738059E-02
  0.3437260      3.5555363E-02
  0.3491820      3.3039331E-02
  0.3546380      3.3722878E-02
  0.3600940      3.6669731E-02
  0.3655500      3.9448619E-02
  0.3710060      4.0079117E-02
  0.3764620      3.8012862E-02
  0.3819180      3.4389973E-02
  0.3873740      3.1079292E-02
  0.3928300      2.9451370E-02
  0.3982860      3.0019879E-02
  0.4037420      3.1710863E-02
  0.4091980      3.3243537E-02
  0.4146540      3.3861041E-02
  0.4201100      3.3925056E-02
  0.4255660      3.3509612E-02
  0.4310220      3.2615900E-02
  0.4364780      3.1021357E-02
  0.4419340      2.9040217E-02
  0.4473900      2.7335167E-02
  0.4528460      2.6577115E-02
  0.4583010      2.6935220E-02
  0.4637570      2.8053045E-02
  0.4692130      2.9360890E-02
  0.4746690      3.0478716E-02
  0.4801250      3.1171560E-02
  0.4855810      3.1226158E-02
  0.4910370      3.0426025E-02
  0.4964930      2.8485894E-02
  0.5019490      2.6047945E-02
  0.5074050      2.4362326E-02
  0.5128610      2.4118662E-02
  0.5183170      2.4900317E-02
  0.5237730      2.5389433E-02
  0.5292290      2.4938822E-02
  0.5346850      2.4003863E-02
  0.5401410      2.3625255E-02
  0.5455970      2.4282575E-02
  0.5510530      2.5546193E-02
  0.5565090      2.6747704E-02
  0.5619650      2.7473569E-02
  0.5674210      2.7539849E-02
  0.5728770      2.6728988E-02
  0.5783330      2.4779439E-02
  0.5837890      2.1948695E-02
  0.5892450      1.9278407E-02
  0.5947010      1.7678618E-02
  0.6001570      1.7294645E-02
  0.6056130      1.7643809E-02
  0.6110690      1.7830729E-02
  0.6165250      1.8070698E-02
  0.6219810      1.9081116E-02
  0.6274370      2.0810127E-02
  0.6328930      2.2364020E-02
  0.6383480      2.2966027E-02
  0.6438040      2.2684336E-02
  0.6492600      2.2008657E-02
  0.6547160      2.1178603E-02
  0.6601720      2.0411015E-02
  0.6656280      2.0020366E-02
  0.6710840      2.0202398E-02
  0.6765400      2.1726966E-02
  0.6819960      2.1091938E-02
  0.6874520      2.0711303E-02
  0.6929080      1.9837856E-02
  0.6983640      1.9350767E-02
  0.7038200      1.9787431E-02
  0.7092760      2.0822406E-02
  0.7147320      2.1569490E-02
  0.7201880      2.1408796E-02
  0.7256440      2.0425081E-02
  0.7311000      1.9396663E-02
  0.7365560      1.9300103E-02
  0.7420120      1.9678950E-02
  0.7474680      1.9961953E-02
  0.7529240      1.9599557E-02
  0.7583800      1.8653631E-02
  0.7638360      1.7739296E-02
  0.7692920      1.7406106E-02
  0.7747480      1.7725945E-02
  0.7802040      1.8071771E-02
  0.7856600      1.8057704E-02
  0.7911160      1.7824531E-02
  0.7965720      1.7835617E-02
  0.8020280      1.8401742E-02
  0.8074840      1.8802643E-02
  0.8129400      1.8460035E-02
  0.8183960      1.7463088E-02
  0.8238510      1.6695499E-02
  0.8293070      1.6776681E-02
  0.8347630      1.7277002E-02
  0.8402190      1.7305732E-02
  0.8456750      1.6639113E-02
