  0.2018710      6.2280416E-02
  0.2073270      6.5756321E-02
  0.2127830      6.0943127E-02
  0.2182390      5.2212477E-02
  0.2236950      4.8059821E-02
  0.2291510      4.7590494E-02
  0.2346070      4.9034834E-02
  0.2400630      5.0545931E-02
  0.2455190      4.9939513E-02
  0.2509750      4.5912981E-02
  0.2564310      4.1751385E-02
  0.2618870      4.0789485E-02
  0.2673430      4.1831255E-02
  0.2727980      4.2609930E-02
  0.2782540      3.9341569E-02
  0.2837100      3.4729242E-02
  0.2891660      3.1298995E-02
  0.2946220      3.0461192E-02
  0.3000780      3.1747460E-02
  0.3055340      3.4186482E-02
  0.3109900      3.6341071E-02
  0.3164460      3.7084818E-02
  0.3219020      3.6611795E-02
  0.3273580      3.6200762E-02
  0.3328140      3.6026835E-02
  0.3382700      3.5752416E-02
  0.3437260      3.4673929E-02
  0.3491820      3.2451153E-02
  0.3546380      2.9911518E-02
  0.3600940      2.7872324E-02
  0.3655500      2.7197599E-02
  0.3710060      2.7908206E-02
  0.3764620      2.9464483E-02
  0.3819180      3.1304240E-02
  0.3873740      3.3117771E-02
  0.3928300      3.4614444E-02
  0.3982860      3.5538435E-02
  0.4037420      3.5174370E-02
  0.4091980      3.3803940E-02
  0.4146540      3.2476425E-02
  0.4201100      3.2447815E-02
  0.4255660      3.3561110E-02
  0.4310220      3.5072684E-02
  0.4364780      3.6530972E-02
  0.4419340      3.7823200E-02
  0.4473900      3.8313627E-02
  0.4528460      3.7228823E-02
  0.4583010      3.4569502E-02
  0.4637570      3.1570077E-02
  0.4692130      2.9882073E-02
  0.4746690      3.0168653E-02
  0.4801250      3.1393647E-02
  0.4855810      3.2148957E-02
  0.4910370      3.1901956E-02
  0.4964930      3.0700207E-02
  0.5019490      2.9055834E-02
  0.5074050      2.7291894E-02
  0.5128610      2.5773168E-02
  0.5183170      2.5064111E-02
  0.5237730      2.5016069E-02
  0.5292290      2.4896860E-02
  0.5346850      2.4104714E-02
  0.5401410      2.3098826E-02
  0.5455970      2.2849441E-02
  0.5510530      2.3826838E-02
  0.5565090      2.5900960E-02
  0.5619650      2.8151870E-02
  0.5674210      2.9033780E-02
  0.5728770      2.7559400E-02
  0.5783330      2.4538159E-02
  0.5837890      2.2149086E-02
  0.5892450      2.1897435E-02
  0.5947010      2.2888422E-02
  0.6001570      2.3452401E-02
  0.6056130      2.3493886E-02
  0.6110690      2.3701787E-02
  0.6165250      2.4796486E-02
  0.6219810      2.6262999E-02
  0.6274370      2.6868939E-02
  0.6328930      2.6127338E-02
  0.6383480      2.4682164E-02
  0.6438040      2.3360014E-02
  0.6492600      2.2443414E-02
  0.6547160      2.1563888E-02
  0.6601720      2.0577908E-02
  0.6656280      1.9811511E-02
  0.6710840      1.9626141E-02
  0.6765400      2.1020412E-02
  0.6819960      2.0717978E-02
  0.6874520      2.1098495E-02
  0.6929080      2.0871639E-02
  0.6983640      2.0310163E-02
  0.7038200      1.9918442E-02
  0.7092760      1.9936085E-02
  0.7147320      2.0206332E-02
  0.7201880      2.0504832E-02
  0.7256440      2.0643711E-02
  0.7311000      2.0512462E-02
  0.7365560      2.0468235E-02
  0.7420120      2.0268321E-02
  0.7474680      2.0161629E-02
  0.7529240      2.0171404E-02
  0.7583800      2.0280957E-02
  0.7638360      2.0484090E-02
  0.7692920      2.0353436E-02
  0.7747480      1.9501328E-02
  0.7802040      1.7959118E-02
  0.7856600      1.6512513E-02
  0.7911160      1.5485168E-02
  0.7965720      1.4641285E-02
  0.8020280      1.4040828E-02
  0.8074840      1.3746023E-02
  0.8129400      1.3966680E-02
  0.8183960      1.4466166E-02
  0.8238510      1.4973998E-02
  0.8293070      1.5472054E-02
  0.8347630      1.5985131E-02
  0.8402190      1.6321301E-02
  0.8456750      1.6299844E-02
