  0.2018710      5.5711150E-02
  0.2073270      5.0098658E-02
  0.2127830      3.8785815E-02
  0.2182390      3.3373952E-02
  0.2236950      3.8042784E-02
  0.2291510      4.4882178E-02
  0.2346070      4.9390316E-02
  0.2400630      4.9888015E-02
  0.2455190      4.7035456E-02
  0.2509750      4.4534326E-02
  0.2564310      4.4334173E-02
  0.2618870      4.5532584E-02
  0.2673430      4.7176719E-02
  0.2727980      4.9149275E-02
  0.2782540      4.7715068E-02
  0.2837100      4.4656873E-02
  0.2891660      4.3496966E-02
  0.2946220      4.5419335E-02
  0.3000780      4.6997190E-02
  0.3055340      4.5413613E-02
  0.3109900      4.1097641E-02
  0.3164460      3.6386013E-02
  0.3219020      3.3393860E-02
  0.3273580      3.1993628E-02
  0.3328140      3.0806899E-02
  0.3382700      3.0159473E-02
  0.3437260      3.0501246E-02
  0.3491820      3.1866670E-02
  0.3546380      3.3817768E-02
  0.3600940      3.5265684E-02
  0.3655500      3.5440683E-02
  0.3710060      3.4434557E-02
  0.3764620      3.3353448E-02
  0.3819180      3.3181667E-02
  0.3873740      3.3608079E-02
  0.3928300      3.3511400E-02
  0.3982860      3.2964945E-02
  0.4037420      3.2212615E-02
  0.4091980      3.1004906E-02
  0.4146540      2.8689861E-02
  0.4201100      2.6116133E-02
  0.4255660      2.4610043E-02
  0.4310220      2.4855852E-02
  0.4364780      2.6375294E-02
  0.4419340      2.8397799E-02
  0.4473900      3.0175328E-02
  0.4528460      3.1336546E-02
  0.4583010      3.1613469E-02
  0.4637570      3.1118631E-02
  0.4692130      3.0103087E-02
  0.4746690      2.8867364E-02
  0.4801250      2.7661324E-02
  0.4855810      2.6857615E-02
  0.4910370      2.6710272E-02
  0.4964930      2.6794553E-02
  0.5019490      2.6474833E-02
  0.5074050      2.5433779E-02
  0.5128610      2.4198651E-02
  0.5183170      2.4248719E-02
  0.5237730      2.6039958E-02
  0.5292290      2.8180957E-02
  0.5346850      2.8711915E-02
  0.5401410      2.7456522E-02
  0.5455970      2.5828242E-02
  0.5510530      2.4785519E-02
  0.5565090      2.4259925E-02
  0.5619650      2.3844838E-02
  0.5674210      2.3502469E-02
  0.5728770      2.3292303E-02
  0.5783330      2.3052573E-02
  0.5837890      2.2814631E-02
  0.5892450      2.3245096E-02
  0.5947010      2.4283767E-02
  0.6001570      2.4887919E-02
  0.6056130      2.4330020E-02
  0.6110690      2.2496462E-02
  0.6165250      2.0357847E-02
  0.6219810      1.8758059E-02
  0.6274370      1.7970324E-02
  0.6328930      1.7959833E-02
  0.6383480      1.8445134E-02
  0.6438040      1.9080520E-02
  0.6492600      1.9873023E-02
  0.6547160      2.0886183E-02
  0.6601720      2.2178292E-02
  0.6656280      2.3571014E-02
  0.6710840      2.4436712E-02
  0.6765400      2.5161624E-02
  0.6819960      2.2146463E-02
  0.6874520      1.9750476E-02
  0.6929080      1.7928720E-02
  0.6983640      1.7122388E-02
  0.7038200      1.7053604E-02
  0.7092760      1.7486215E-02
  0.7147320      1.8427014E-02
  0.7201880      1.9623756E-02
  0.7256440      2.0408869E-02
  0.7311000      2.0222783E-02
  0.7365560      1.9520998E-02
  0.7420120      1.8473625E-02
  0.7474680      1.7762423E-02
  0.7529240      1.7722011E-02
  0.7583800      1.8355727E-02
  0.7638360      1.9221425E-02
  0.7692920      1.9576430E-02
  0.7747480      1.9159794E-02
  0.7802040      1.8212080E-02
  0.7856600      1.7471671E-02
  0.7911160      1.7161727E-02
  0.7965720      1.6773701E-02
  0.8020280      1.5885949E-02
  0.8074840      1.4236689E-02
  0.8129400      1.2611270E-02
  0.8183960      1.1990786E-02
  0.8238510      1.2750268E-02
  0.8293070      1.4368296E-02
  0.8347630      1.5899062E-02
  0.8402190      1.6625881E-02
  0.8456750      1.6358376E-02
