  0.2018710      5.2954078E-02
  0.2073270      5.0020695E-02
  0.2127830      4.5127630E-02
  0.2182390      4.2419553E-02
  0.2236950      4.4503450E-02
  0.2291510      4.9248457E-02
  0.2346070      5.4800749E-02
  0.2400630      5.9113503E-02
  0.2455190      5.9329629E-02
  0.2509750      5.5647612E-02
  0.2564310      5.1416039E-02
  0.2618870      4.8737407E-02
  0.2673430      4.6535850E-02
  0.2727980      4.3631554E-02
  0.2782540      3.8282871E-02
  0.2837100      3.3940554E-02
  0.2891660      3.2486558E-02
  0.2946220      3.3142924E-02
  0.3000780      3.4088254E-02
  0.3055340      3.4669638E-02
  0.3109900      3.4978867E-02
  0.3164460      3.5369158E-02
  0.3219020      3.5387754E-02
  0.3273580      3.4369588E-02
  0.3328140      3.3083797E-02
  0.3382700      3.3290029E-02
  0.3437260      3.5338640E-02
  0.3491820      3.8049340E-02
  0.3546380      4.0440917E-02
  0.3600940      4.2017579E-02
  0.3655500      4.2878151E-02
  0.3710060      4.2691469E-02
  0.3764620      4.1203022E-02
  0.3819180      3.9145470E-02
  0.3873740      3.7583113E-02
  0.3928300      3.6329865E-02
  0.3982860      3.5271645E-02
  0.4037420      3.4481764E-02
  0.4091980      3.4518242E-02
  0.4146540      3.5088778E-02
  0.4201100      3.5547137E-02
  0.4255660      3.4783244E-02
  0.4310220      3.2673240E-02
  0.4364780      3.0238152E-02
  0.4419340      2.8809190E-02
  0.4473900      2.8508306E-02
  0.4528460      2.8590798E-02
  0.4583010      2.8515816E-02
  0.4637570      2.8491259E-02
  0.4692130      2.9057503E-02
  0.4746690      3.0244589E-02
  0.4801250      3.1448364E-02
  0.4855810      3.2095671E-02
  0.4910370      3.2089114E-02
  0.4964930      3.1131268E-02
  0.5019490      2.9243946E-02
  0.5074050      2.7035713E-02
  0.5128610      2.5802135E-02
  0.5183170      2.6724339E-02
  0.5237730      2.9279590E-02
  0.5292290      3.1537294E-02
  0.5346850      3.1617761E-02
  0.5401410      2.9358268E-02
  0.5455970      2.6241899E-02
  0.5510530      2.3729086E-02
  0.5565090      2.2588372E-02
  0.5619650      2.2720575E-02
  0.5674210      2.3561597E-02
  0.5728770      2.4305582E-02
  0.5783330      2.4232745E-02
  0.5837890      2.3073554E-02
  0.5892450      2.1500945E-02
  0.5947010      2.0385981E-02
  0.6001570      2.0209432E-02
  0.6056130      2.0846486E-02
  0.6110690      2.1547437E-02
  0.6165250      2.2215366E-02
  0.6219810      2.3133039E-02
  0.6274370      2.4417043E-02
  0.6328930      2.5869012E-02
  0.6383480      2.7103305E-02
  0.6438040      2.7837634E-02
  0.6492600      2.8148651E-02
  0.6547160      2.7823925E-02
  0.6601720      2.6415348E-02
  0.6656280      2.3622870E-02
  0.6710840      1.9921541E-02
  0.6765400      1.7353535E-02
  0.6819960      1.4688253E-02
  0.6874520      1.4416337E-02
  0.6929080      1.5097141E-02
  0.6983640      1.6123772E-02
  0.7038200      1.7171860E-02
  0.7092760      1.8055081E-02
  0.7147320      1.8703818E-02
  0.7201880      1.8982410E-02
  0.7256440      1.8909454E-02
  0.7311000      1.8853426E-02
  0.7365560      1.9425154E-02
  0.7420120      2.0028353E-02
  0.7474680      2.0221233E-02
  0.7529240      1.9887805E-02
  0.7583800      1.9480586E-02
  0.7638360      1.9450665E-02
  0.7692920      1.9741416E-02
  0.7747480      1.9857407E-02
  0.7802040      1.9077301E-02
  0.7856600      1.7333865E-02
  0.7911160      1.5165925E-02
  0.7965720      1.3555408E-02
  0.8020280      1.3512015E-02
  0.8074840      1.4837742E-02
  0.8129400      1.6537547E-02
  0.8183960      1.7441511E-02
  0.8238510      1.7286062E-02
  0.8293070      1.6869903E-02
  0.8347630      1.7094731E-02
  0.8402190      1.8100619E-02
  0.8456750      1.9203186E-02
