  0.2018710      4.3630362E-02
  0.2073270      4.0614367E-02
  0.2127830      3.7755013E-02
  0.2182390      3.6881328E-02
  0.2236950      3.7298203E-02
  0.2291510      3.7793875E-02
  0.2346070      3.9422393E-02
  0.2400630      4.2830944E-02
  0.2455190      4.5958996E-02
  0.2509750      4.6124101E-02
  0.2564310      4.3977976E-02
  0.2618870      4.1939378E-02
  0.2673430      4.0536523E-02
  0.2727980      4.0077448E-02
  0.2782540      3.9023042E-02
  0.2837100      3.8515925E-02
  0.2891660      3.8069725E-02
  0.2946220      3.7887096E-02
  0.3000780      3.8640380E-02
  0.3055340      4.0342689E-02
  0.3109900      4.1745663E-02
  0.3164460      4.1640162E-02
  0.3219020      4.0328741E-02
  0.3273580      3.9158344E-02
  0.3328140      3.8149953E-02
  0.3382700      3.7481070E-02
  0.3437260      3.7771821E-02
  0.3491820      3.9541960E-02
  0.3546380      4.1731000E-02
  0.3600940      4.1561961E-02
  0.3655500      3.8025856E-02
  0.3710060      3.3344507E-02
  0.3764620      3.0152917E-02
  0.3819180      2.9403806E-02
  0.3873740      3.0293703E-02
  0.3928300      3.1500816E-02
  0.3982860      3.2621145E-02
  0.4037420      3.3255935E-02
  0.4091980      3.3266068E-02
  0.4146540      3.2519102E-02
  0.4201100      3.1346679E-02
  0.4255660      2.9790163E-02
  0.4310220      2.7970314E-02
  0.4364780      2.6321054E-02
  0.4419340      2.5786877E-02
  0.4473900      2.7166963E-02
  0.4528460      3.0426025E-02
  0.4583010      3.4091115E-02
  0.4637570      3.6178589E-02
  0.4692130      3.5718679E-02
  0.4746690      3.3530593E-02
  0.4801250      3.1211734E-02
  0.4855810      3.0149102E-02
  0.4910370      3.0627966E-02
  0.4964930      3.1498194E-02
  0.5019490      3.1694174E-02
  0.5074050      3.1277061E-02
  0.5128610      3.1030774E-02
  0.5183170      3.1132817E-02
  0.5237730      3.0401349E-02
  0.5292290      2.8140187E-02
  0.5346850      2.5070071E-02
  0.5401410      2.2645831E-02
  0.5455970      2.1665931E-02
  0.5510530      2.2067785E-02
  0.5565090      2.3222208E-02
  0.5619650      2.3963809E-02
  0.5674210      2.3608804E-02
  0.5728770      2.2714019E-02
  0.5783330      2.2201419E-02
  0.5837890      2.2218227E-02
  0.5892450      2.2206664E-02
  0.5947010      2.1586657E-02
  0.6001570      2.0464420E-02
  0.6056130      1.9544244E-02
  0.6110690      1.9267917E-02
  0.6165250      2.0339131E-02
  0.6219810      2.2781730E-02
  0.6274370      2.5505066E-02
  0.6328930      2.6979089E-02
  0.6383480      2.6372433E-02
  0.6438040      2.4128795E-02
  0.6492600      2.1529675E-02
  0.6547160      1.9620776E-02
  0.6601720      1.9093752E-02
  0.6656280      2.0006180E-02
  0.6710840      2.1763206E-02
  0.6765400      2.4358630E-02
  0.6819960      2.3829937E-02
  0.6874520      2.3650646E-02
  0.6929080      2.3240209E-02
  0.6983640      2.2772431E-02
  0.7038200      2.2092581E-02
  0.7092760      2.1318197E-02
  0.7147320      2.0874381E-02
  0.7201880      2.0840645E-02
  0.7256440      2.0741463E-02
  0.7311000      2.0042419E-02
  0.7365560      1.8972635E-02
  0.7420120      1.7571807E-02
  0.7474680      1.6663432E-02
  0.7529240      1.6625166E-02
  0.7583800      1.7050624E-02
  0.7638360      1.7274857E-02
  0.7692920      1.7158985E-02
  0.7747480      1.7251492E-02
  0.7802040      1.7881513E-02
  0.7856600      1.8885970E-02
  0.7911160      1.9641757E-02
  0.7965720      1.9557476E-02
  0.8020280      1.8928051E-02
  0.8074840      1.8037915E-02
  0.8129400      1.7673254E-02
  0.8183960      1.8031001E-02
  0.8238510      1.8698335E-02
  0.8293070      1.9033194E-02
  0.8347630      1.9013047E-02
  0.8402190      1.9158125E-02
  0.8456750      1.9773960E-02
