  0.2018710      5.0637960E-02
  0.2073270      5.2692890E-02
  0.2127830      4.9876571E-02
  0.2182390      4.8684955E-02
  0.2236950      5.1987648E-02
  0.2291510      5.4977775E-02
  0.2346070      5.5911541E-02
  0.2400630      5.5189729E-02
  0.2455190      5.4855704E-02
  0.2509750      5.6505084E-02
  0.2564310      5.7462931E-02
  0.2618870      5.5900574E-02
  0.2673430      5.2125692E-02
  0.2727980      4.7817469E-02
  0.2782540      4.1922092E-02
  0.2837100      3.7053347E-02
  0.2891660      3.5467625E-02
  0.2946220      3.7732959E-02
  0.3000780      4.1275859E-02
  0.3055340      4.3240190E-02
  0.3109900      4.2102456E-02
  0.3164460      3.8691998E-02
  0.3219020      3.5833001E-02
  0.3273580      3.5053849E-02
  0.3328140      3.5117030E-02
  0.3382700      3.5106659E-02
  0.3437260      3.5522580E-02
  0.3491820      3.7307382E-02
  0.3546380      4.0196657E-02
  0.3600940      4.2084813E-02
  0.3655500      4.1768312E-02
  0.3710060      4.0843964E-02
  0.3764620      4.1697383E-02
  0.3819180      4.4651747E-02
  0.3873740      4.7342896E-02
  0.3928300      4.7330499E-02
  0.3982860      4.4966459E-02
  0.4037420      4.1312218E-02
  0.4091980      3.7332058E-02
  0.4146540      3.3821702E-02
  0.4201100      3.2461166E-02
  0.4255660      3.4289718E-02
  0.4310220      3.8565516E-02
  0.4364780      4.2639136E-02
  0.4419340      4.4416189E-02
  0.4473900      4.3777704E-02
  0.4528460      4.2095780E-02
  0.4583010      4.0541053E-02
  0.4637570      3.9181352E-02
  0.4692130      3.7381530E-02
  0.4746690      3.4671307E-02
  0.4801250      3.1371713E-02
  0.4855810      2.8508782E-02
  0.4910370      2.6862621E-02
  0.4964930      2.5840878E-02
  0.5019490      2.4311900E-02
  0.5074050      2.1988869E-02
  0.5128610      1.9973993E-02
  0.5183170      1.9711018E-02
  0.5237730      2.1207571E-02
  0.5292290      2.3057222E-02
  0.5346850      2.3775458E-02
  0.5401410      2.3234248E-02
  0.5455970      2.2424459E-02
  0.5510530      2.2116780E-02
  0.5565090      2.2328138E-02
  0.5619650      2.2522330E-02
  0.5674210      2.2519469E-02
  0.5728770      2.2712469E-02
  0.5783330      2.3327947E-02
  0.5837890      2.3906231E-02
  0.5892450      2.3945332E-02
  0.5947010      2.3495913E-02
  0.6001570      2.3458719E-02
  0.6056130      2.4450660E-02
  0.6110690      2.5522828E-02
  0.6165250      2.5812745E-02
  0.6219810      2.5227070E-02
  0.6274370      2.4075031E-02
  0.6328930      2.2632718E-02
  0.6383480      2.1080017E-02
  0.6438040      1.9593477E-02
  0.6492600      1.8586993E-02
  0.6547160      1.8254280E-02
  0.6601720      1.8601418E-02
  0.6656280      1.9297957E-02
  0.6710840      1.9794464E-02
  0.6765400      2.0664454E-02
  0.6819960      1.9109726E-02
  0.6874520      1.8405676E-02
  0.6929080      1.8037319E-02
  0.6983640      1.8416882E-02
  0.7038200      1.9755244E-02
  0.7092760      2.1665692E-02
  0.7147320      2.3310661E-02
  0.7201880      2.4082184E-02
  0.7256440      2.4044752E-02
  0.7311000      2.3640871E-02
  0.7365560      2.3377180E-02
  0.7420120      2.2296906E-02
  0.7474680      2.0255566E-02
  0.7529240      1.7903566E-02
  0.7583800      1.6220927E-02
  0.7638360      1.5510082E-02
  0.7692920      1.5426755E-02
  0.7747480      1.5694022E-02
  0.7802040      1.6208172E-02
  0.7856600      1.6963005E-02
  0.7911160      1.7623305E-02
  0.7965720      1.7807007E-02
  0.8020280      1.7688513E-02
  0.8074840      1.7461181E-02
  0.8129400      1.7634630E-02
  0.8183960      1.8210053E-02
  0.8238510      1.8804669E-02
  0.8293070      1.8926144E-02
  0.8347630      1.8362403E-02
  0.8402190      1.7318845E-02
  0.8456750      1.6406059E-02
