  0.2018710      6.3286424E-02
  0.2073270      6.4260364E-02
  0.2127830      5.8322310E-02
  0.2182390      5.5378079E-02
  0.2236950      5.6111813E-02
  0.2291510      5.4218173E-02
  0.2346070      5.0493717E-02
  0.2400630      4.6356082E-02
  0.2455190      4.2046428E-02
  0.2509750      3.8841367E-02
  0.2564310      3.8076758E-02
  0.2618870      3.8673162E-02
  0.2673430      3.8515210E-02
  0.2727980      3.8489580E-02
  0.2782540      3.8787484E-02
  0.2837100      4.0904641E-02
  0.2891660      4.2846560E-02
  0.2946220      4.2820692E-02
  0.3000780      4.2214870E-02
  0.3055340      4.3015480E-02
  0.3109900      4.5003057E-02
  0.3164460      4.6344280E-02
  0.3219020      4.5708418E-02
  0.3273580      4.3753624E-02
  0.3328140      4.1885018E-02
  0.3382700      4.1087747E-02
  0.3437260      4.0539145E-02
  0.3491820      3.9619803E-02
  0.3546380      3.9529920E-02
  0.3600940      4.0481806E-02
  0.3655500      4.0766597E-02
  0.3710060      3.8571835E-02
  0.3764620      3.4619212E-02
  0.3819180      3.1440735E-02
  0.3873740      3.0702114E-02
  0.3928300      3.1723976E-02
  0.3982860      3.3417463E-02
  0.4037420      3.4841299E-02
  0.4091980      3.5386324E-02
  0.4146540      3.4707189E-02
  0.4201100      3.3730984E-02
  0.4255660      3.3309340E-02
  0.4310220      3.3321738E-02
  0.4364780      3.2510757E-02
  0.4419340      3.0349135E-02
  0.4473900      2.8000593E-02
  0.4528460      2.7357817E-02
  0.4583010      2.8967619E-02
  0.4637570      3.1661034E-02
  0.4692130      3.3799767E-02
  0.4746690      3.4745336E-02
  0.4801250      3.4657359E-02
  0.4855810      3.4059882E-02
  0.4910370      3.3304334E-02
  0.4964930      3.2330036E-02
  0.5019490      3.1333685E-02
  0.5074050      3.0442715E-02
  0.5128610      2.9245377E-02
  0.5183170      2.7662873E-02
  0.5237730      2.6280165E-02
  0.5292290      2.6186109E-02
  0.5346850      2.7598858E-02
  0.5401410      2.9575586E-02
  0.5455970      3.0864477E-02
  0.5510530      3.0729175E-02
  0.5565090      2.9365778E-02
  0.5619650      2.7561665E-02
  0.5674210      2.6411057E-02
  0.5728770      2.6243448E-02
  0.5783330      2.6354551E-02
  0.5837890      2.5728106E-02
  0.5892450      2.4339914E-02
  0.5947010      2.2712708E-02
  0.6001570      2.1561027E-02
  0.6056130      2.1401167E-02
  0.6110690      2.1548510E-02
  0.6165250      2.1402121E-02
  0.6219810      2.0521879E-02
  0.6274370      1.9085050E-02
  0.6328930      1.7829180E-02
  0.6383480      1.7428041E-02
  0.6438040      1.7825961E-02
  0.6492600      1.8559217E-02
  0.6547160      1.9132614E-02
  0.6601720      1.9275904E-02
  0.6656280      1.8795609E-02
  0.6710840      1.7678976E-02
  0.6765400      1.7132521E-02
  0.6819960      1.5372992E-02
  0.6874520      1.5146255E-02
  0.6929080      1.5679836E-02
  0.6983640      1.6855478E-02
  0.7038200      1.8469930E-02
  0.7092760      2.0129323E-02
  0.7147320      2.1599531E-02
  0.7201880      2.2748709E-02
  0.7256440      2.3142695E-02
  0.7311000      2.2418499E-02
  0.7365560      2.1234035E-02
  0.7420120      2.0168424E-02
  0.7474680      2.0117402E-02
  0.7529240      2.0770907E-02
  0.7583800      2.0982385E-02
  0.7638360      2.0068407E-02
  0.7692920      1.8709779E-02
  0.7747480      1.8339515E-02
  0.7802040      1.9325256E-02
  0.7856600      2.0604253E-02
  0.7911160      2.0717859E-02
  0.7965720      1.9202948E-02
  0.8020280      1.7178178E-02
  0.8074840      1.5764236E-02
  0.8129400      1.5785098E-02
  0.8183960      1.6883135E-02
  0.8238510      1.7949104E-02
  0.8293070      1.7971158E-02
  0.8347630      1.6897321E-02
  0.8402190      1.5533566E-02
  0.8456750      1.4637232E-02
