  0.2018710      4.1165948E-02
  0.2073270      3.8725019E-02
  0.2127830      3.8339496E-02
  0.2182390      4.2258263E-02
  0.2236950      4.8933148E-02
  0.2291510      5.4345846E-02
  0.2346070      5.5119514E-02
  0.2400630      5.0082684E-02
  0.2455190      4.3122888E-02
  0.2509750      4.0549517E-02
  0.2564310      4.1960955E-02
  0.2618870      4.2950511E-02
  0.2673430      4.2543411E-02
  0.2727980      4.1462898E-02
  0.2782540      3.7993789E-02
  0.2837100      3.4490585E-02
  0.2891660      3.4373641E-02
  0.2946220      3.8418889E-02
  0.3000780      4.3232560E-02
  0.3055340      4.4989347E-02
  0.3109900      4.3107510E-02
  0.3164460      4.0126562E-02
  0.3219020      3.9421678E-02
  0.3273580      4.1719079E-02
  0.3328140      4.4958711E-02
  0.3382700      4.7408104E-02
  0.3437260      4.7663927E-02
  0.3491820      4.4914246E-02
  0.3546380      4.0195346E-02
  0.3600940      3.5434842E-02
  0.3655500      3.2532573E-02
  0.3710060      3.1680703E-02
  0.3764620      3.2223344E-02
  0.3819180      3.3401728E-02
  0.3873740      3.4752488E-02
  0.3928300      3.5519719E-02
  0.3982860      3.5547495E-02
  0.4037420      3.4791231E-02
  0.4091980      3.3488750E-02
  0.4146540      3.1626940E-02
  0.4201100      2.9664040E-02
  0.4255660      2.7876377E-02
  0.4310220      2.6634693E-02
  0.4364780      2.6056528E-02
  0.4419340      2.6327729E-02
  0.4473900      2.7496219E-02
  0.4528460      2.9143214E-02
  0.4583010      3.0248404E-02
  0.4637570      3.0099750E-02
  0.4692130      2.9136896E-02
  0.4746690      2.8610945E-02
  0.4801250      2.9078841E-02
  0.4855810      2.9981971E-02
  0.4910370      3.0250549E-02
  0.4964930      2.9304147E-02
  0.5019490      2.8053403E-02
  0.5074050      2.7712464E-02
  0.5128610      2.8352737E-02
  0.5183170      2.9238105E-02
  0.5237730      2.9724121E-02
  0.5292290      3.0006647E-02
  0.5346850      3.0375838E-02
  0.5401410      3.0525446E-02
  0.5455970      2.9663205E-02
  0.5510530      2.7338862E-02
  0.5565090      2.4323106E-02
  0.5619650      2.1718621E-02
  0.5674210      2.0349503E-02
  0.5728770      2.0465732E-02
  0.5783330      2.2102118E-02
  0.5837890      2.4935961E-02
  0.5892450      2.8262854E-02
  0.5947010      3.0772924E-02
  0.6001570      3.1472445E-02
  0.6056130      3.0454755E-02
  0.6110690      2.7854681E-02
  0.6165250      2.4514794E-02
  0.6219810      2.1463752E-02
  0.6274370      1.9510508E-02
  0.6328930      1.8886209E-02
  0.6383480      1.9072056E-02
  0.6438040      1.9352794E-02
  0.6492600      1.9541860E-02
  0.6547160      1.9721508E-02
  0.6601720      2.0195484E-02
  0.6656280      2.0861387E-02
  0.6710840      2.1307588E-02
  0.6765400      2.2044778E-02
  0.6819960      2.0046353E-02
  0.6874520      1.8753171E-02
  0.6929080      1.7879605E-02
  0.6983640      1.8067360E-02
  0.7038200      1.9275069E-02
  0.7092760      2.0640016E-02
  0.7147320      2.1104455E-02
  0.7201880      2.0232439E-02
  0.7256440      1.8349886E-02
  0.7311000      1.6335368E-02
  0.7365560      1.5316486E-02
  0.7420120      1.5349627E-02
  0.7474680      1.6226172E-02
  0.7529240      1.7365217E-02
  0.7583800      1.8187881E-02
  0.7638360      1.8387198E-02
  0.7692920      1.7913342E-02
  0.7747480      1.6983747E-02
  0.7802040      1.5839577E-02
  0.7856600      1.5067101E-02
  0.7911160      1.5188456E-02
  0.7965720      1.6142130E-02
  0.8020280      1.7453790E-02
  0.8074840      1.8155098E-02
  0.8129400      1.8121362E-02
  0.8183960      1.7788529E-02
  0.8238510      1.7562151E-02
  0.8293070      1.7348409E-02
  0.8347630      1.6788244E-02
  0.8402190      1.5820980E-02
  0.8456750      1.4801025E-02
