  0.2018710      7.0818186E-02
  0.2073270      6.7172885E-02
  0.2127830      5.5824161E-02
  0.2182390      5.1638126E-02
  0.2236950      5.5165291E-02
  0.2291510      5.5346131E-02
  0.2346070      5.1693678E-02
  0.2400630      4.6515584E-02
  0.2455190      4.1814446E-02
  0.2509750      3.8936853E-02
  0.2564310      3.8274765E-02
  0.2618870      3.9599419E-02
  0.2673430      4.1145444E-02
  0.2727980      4.1973352E-02
  0.2782540      3.9907217E-02
  0.2837100      3.7601233E-02
  0.2891660      3.7543774E-02
  0.2946220      3.9314508E-02
  0.3000780      4.1004896E-02
  0.3055340      4.2995572E-02
  0.3109900      4.6573043E-02
  0.3164460      5.0810099E-02
  0.3219020      5.2790046E-02
  0.3273580      5.1328182E-02
  0.3328140      4.7743559E-02
  0.3382700      4.4382095E-02
  0.3437260      4.1241050E-02
  0.3491820      3.8330674E-02
  0.3546380      3.6893606E-02
  0.3600940      3.7709594E-02
  0.3655500      3.9702296E-02
  0.3710060      4.1014433E-02
  0.3764620      4.1423321E-02
  0.3819180      4.2240143E-02
  0.3873740      4.4189811E-02
  0.3928300      4.5620799E-02
  0.3982860      4.4825077E-02
  0.4037420      4.1294456E-02
  0.4091980      3.6339641E-02
  0.4146540      3.1516194E-02
  0.4201100      2.8226614E-02
  0.4255660      2.6858449E-02
  0.4310220      2.7412176E-02
  0.4364780      2.9519200E-02
  0.4419340      3.2690167E-02
  0.4473900      3.6126614E-02
  0.4528460      3.8759232E-02
  0.4583010      3.9537311E-02
  0.4637570      3.8094878E-02
  0.4692130      3.5182595E-02
  0.4746690      3.2090664E-02
  0.4801250      2.9406786E-02
  0.4855810      2.7293205E-02
  0.4910370      2.6140809E-02
  0.4964930      2.6074409E-02
  0.5019490      2.6606321E-02
  0.5074050      2.7107716E-02
  0.5128610      2.7773738E-02
  0.5183170      2.9692054E-02
  0.5237730      3.2991290E-02
  0.5292290      3.6209583E-02
  0.5346850      3.7180305E-02
  0.5401410      3.5222650E-02
  0.5455970      3.1551123E-02
  0.5510530      2.8100610E-02
  0.5565090      2.6139975E-02
  0.5619650      2.5607705E-02
  0.5674210      2.5986433E-02
  0.5728770      2.6871920E-02
  0.5783330      2.7875662E-02
  0.5837890      2.8167367E-02
  0.5892450      2.7229905E-02
  0.5947010      2.5009990E-02
  0.6001570      2.2578239E-02
  0.6056130      2.1463633E-02
  0.6110690      2.1404624E-02
  0.6165250      2.1276951E-02
  0.6219810      2.0656586E-02
  0.6274370      2.0357490E-02
  0.6328930      2.1157026E-02
  0.6383480      2.2375941E-02
  0.6438040      2.2670865E-02
  0.6492600      2.1989942E-02
  0.6547160      2.1335840E-02
  0.6601720      2.1466255E-02
  0.6656280      2.2064447E-02
  0.6710840      2.2548437E-02
  0.6765400      2.3746014E-02
  0.6819960      2.2103310E-02
  0.6874520      2.0686388E-02
  0.6929080      1.8772006E-02
  0.6983640      1.7703056E-02
  0.7038200      1.8490314E-02
  0.7092760      2.0702124E-02
  0.7147320      2.2838712E-02
  0.7201880      2.3597121E-02
  0.7256440      2.2667170E-02
  0.7311000      2.0762682E-02
  0.7365560      1.9478917E-02
  0.7420120      1.9390464E-02
  0.7474680      2.0605564E-02
  0.7529240      2.2362709E-02
  0.7583800      2.3672104E-02
  0.7638360      2.3912907E-02
  0.7692920      2.2918940E-02
  0.7747480      2.0972013E-02
  0.7802040      1.8599868E-02
  0.7856600      1.6817570E-02
  0.7911160      1.6218185E-02
  0.7965720      1.6521692E-02
  0.8020280      1.7167926E-02
  0.8074840      1.7589450E-02
  0.8129400      1.7997742E-02
  0.8183960      1.8488407E-02
  0.8238510      1.8885851E-02
  0.8293070      1.8996477E-02
  0.8347630      1.8832326E-02
  0.8402190      1.8328190E-02
  0.8456750      1.7217040E-02
