  0.2018710      6.4775825E-02
  0.2073270      5.9534907E-02
  0.2127830      5.2412271E-02
  0.2182390      4.7407150E-02
  0.2236950      4.4385433E-02
  0.2291510      4.0733218E-02
  0.2346070      3.6954880E-02
  0.2400630      3.4686923E-02
  0.2455190      3.6004186E-02
  0.2509750      3.9988756E-02
  0.2564310      4.2608500E-02
  0.2618870      4.2906165E-02
  0.2673430      4.2493820E-02
  0.2727980      4.3255210E-02
  0.2782540      4.4152021E-02
  0.2837100      4.5853376E-02
  0.2891660      4.7453523E-02
  0.2946220      4.8074245E-02
  0.3000780      4.7222614E-02
  0.3055340      4.4814348E-02
  0.3109900      4.1553974E-02
  0.3164460      3.9415121E-02
  0.3219020      3.9702296E-02
  0.3273580      4.0928364E-02
  0.3328140      4.0435791E-02
  0.3382700      3.8124681E-02
  0.3437260      3.5212040E-02
  0.3491820      3.3132076E-02
  0.3546380      3.2618165E-02
  0.3600940      3.2786965E-02
  0.3655500      3.2526374E-02
  0.3710060      3.1695962E-02
  0.3764620      3.1343222E-02
  0.3819180      3.2075286E-02
  0.3873740      3.3501029E-02
  0.3928300      3.4454107E-02
  0.3982860      3.5160542E-02
  0.4037420      3.6078930E-02
  0.4091980      3.7093401E-02
  0.4146540      3.7463188E-02
  0.4201100      3.7452459E-02
  0.4255660      3.7345290E-02
  0.4310220      3.7171245E-02
  0.4364780      3.6800027E-02
  0.4419340      3.6586165E-02
  0.4473900      3.6382794E-02
  0.4528460      3.5382509E-02
  0.4583010      3.2997012E-02
  0.4637570      2.9947400E-02
  0.4692130      2.7780414E-02
  0.4746690      2.7482033E-02
  0.4801250      2.8494477E-02
  0.4855810      2.9366016E-02
  0.4910370      2.9194951E-02
  0.4964930      2.8145194E-02
  0.5019490      2.7283907E-02
  0.5074050      2.7224183E-02
  0.5128610      2.7633190E-02
  0.5183170      2.7944088E-02
  0.5237730      2.7644992E-02
  0.5292290      2.6779890E-02
  0.5346850      2.5683761E-02
  0.5401410      2.4725199E-02
  0.5455970      2.3949504E-02
  0.5510530      2.3113012E-02
  0.5565090      2.2190928E-02
  0.5619650      2.1323442E-02
  0.5674210      2.0751238E-02
  0.5728770      2.0371556E-02
  0.5783330      1.9975901E-02
  0.5837890      1.9590139E-02
  0.5892450      1.9642353E-02
  0.5947010      2.0198941E-02
  0.6001570      2.0811677E-02
  0.6056130      2.1286130E-02
  0.6110690      2.1524191E-02
  0.6165250      2.1802068E-02
  0.6219810      2.2000790E-02
  0.6274370      2.1596313E-02
  0.6328930      2.0352840E-02
  0.6383480      1.8645287E-02
  0.6438040      1.7340541E-02
  0.6492600      1.7306089E-02
  0.6547160      1.8543482E-02
  0.6601720      2.0040274E-02
  0.6656280      2.0572901E-02
  0.6710840      1.9947171E-02
  0.6765400      1.9936919E-02
  0.6819960      1.8953323E-02
  0.6874520      1.9656897E-02
  0.6929080      2.0526409E-02
  0.6983640      2.0798802E-02
  0.7038200      2.0152807E-02
  0.7092760      1.9065022E-02
  0.7147320      1.8442035E-02
  0.7201880      1.8679857E-02
  0.7256440      1.9286633E-02
  0.7311000      1.9275546E-02
  0.7365560      1.8552065E-02
  0.7420120      1.7423749E-02
  0.7474680      1.6957521E-02
  0.7529240      1.7042637E-02
  0.7583800      1.6706824E-02
  0.7638360      1.5871167E-02
  0.7692920      1.5662909E-02
  0.7747480      1.7104030E-02
  0.7802040      1.9832492E-02
  0.7856600      2.2830248E-02
  0.7911160      2.5121808E-02
  0.7965720      2.6061654E-02
  0.8020280      2.5786638E-02
  0.8074840      2.4490833E-02
  0.8129400      2.3267269E-02
  0.8183960      2.2641897E-02
  0.8238510      2.2073865E-02
  0.8293070      2.0789385E-02
  0.8347630      1.8855333E-02
  0.8402190      1.7173290E-02
  0.8456750      1.6435862E-02
