  0.2018710      4.5576334E-02
  0.2073270      4.2460561E-02
  0.2127830      3.6898971E-02
  0.2182390      3.5601258E-02
  0.2236950      3.9800525E-02
  0.2291510      4.4749379E-02
  0.2346070      4.9306750E-02
  0.2400630      5.2314878E-02
  0.2455190      5.2402854E-02
  0.2509750      5.1487803E-02
  0.2564310      5.2225590E-02
  0.2618870      5.3978443E-02
  0.2673430      5.4306030E-02
  0.2727980      5.2523136E-02
  0.2782540      4.7045588E-02
  0.2837100      4.1702032E-02
  0.2891660      3.9442897E-02
  0.2946220      4.0410161E-02
  0.3000780      4.2097211E-02
  0.3055340      4.2286515E-02
  0.3109900      4.0270329E-02
  0.3164460      3.7232757E-02
  0.3219020      3.5947204E-02
  0.3273580      3.7973404E-02
  0.3328140      4.2107582E-02
  0.3382700      4.6861887E-02
  0.3437260      5.0146818E-02
  0.3491820      4.9704671E-02
  0.3546380      4.5114279E-02
  0.3600940      3.9144635E-02
  0.3655500      3.5235882E-02
  0.3710060      3.3450007E-02
  0.3764620      3.2433271E-02
  0.3819180      3.2003164E-02
  0.3873740      3.2736540E-02
  0.3928300      3.3852220E-02
  0.3982860      3.4204841E-02
  0.4037420      3.3103466E-02
  0.4091980      3.1206489E-02
  0.4146540      2.9384136E-02
  0.4201100      2.8609633E-02
  0.4255660      2.8944612E-02
  0.4310220      2.9633284E-02
  0.4364780      2.9629588E-02
  0.4419340      2.8682828E-02
  0.4473900      2.7555823E-02
  0.4528460      2.7303696E-02
  0.4583010      2.8146029E-02
  0.4637570      2.9436707E-02
  0.4692130      3.0392051E-02
  0.4746690      3.0546546E-02
  0.4801250      2.9551387E-02
  0.4855810      2.7553082E-02
  0.4910370      2.5581717E-02
  0.4964930      2.4694800E-02
  0.5019490      2.5025129E-02
  0.5074050      2.5468826E-02
  0.5128610      2.5065660E-02
  0.5183170      2.4244308E-02
  0.5237730      2.3794293E-02
  0.5292290      2.3980618E-02
  0.5346850      2.4453759E-02
  0.5401410      2.4879098E-02
  0.5455970      2.5100470E-02
  0.5510530      2.4860382E-02
  0.5565090      2.4181485E-02
  0.5619650      2.3302913E-02
  0.5674210      2.2687078E-02
  0.5728770      2.2675753E-02
  0.5783330      2.3179889E-02
  0.5837890      2.3526669E-02
  0.5892450      2.3188353E-02
  0.5947010      2.1947145E-02
  0.6001570      2.0271420E-02
  0.6056130      1.9006014E-02
  0.6110690      1.8373489E-02
  0.6165250      1.8787026E-02
  0.6219810      2.0149589E-02
  0.6274370      2.1710157E-02
  0.6328930      2.2708654E-02
  0.6383480      2.3073316E-02
  0.6438040      2.3226857E-02
  0.6492600      2.3402095E-02
  0.6547160      2.3267388E-02
  0.6601720      2.2735834E-02
  0.6656280      2.1980286E-02
  0.6710840      2.1217942E-02
  0.6765400      2.1520972E-02
  0.6819960      2.0299435E-02
  0.6874520      2.0447493E-02
  0.6929080      2.1077991E-02
  0.6983640      2.2060871E-02
  0.7038200      2.2928238E-02
  0.7092760      2.3092985E-02
  0.7147320      2.2282004E-02
  0.7201880      2.0653963E-02
  0.7256440      1.8732190E-02
  0.7311000      1.7113090E-02
  0.7365560      1.6380787E-02
  0.7420120      1.6077757E-02
  0.7474680      1.6065121E-02
  0.7529240      1.6304493E-02
  0.7583800      1.6843796E-02
  0.7638360      1.7564178E-02
  0.7692920      1.8254399E-02
  0.7747480      1.8759251E-02
  0.7802040      1.8772483E-02
  0.7856600      1.8300533E-02
  0.7911160      1.7565250E-02
  0.7965720      1.7056942E-02
  0.8020280      1.7325997E-02
  0.8074840      1.8049598E-02
  0.8129400      1.8837810E-02
  0.8183960      1.9277811E-02
  0.8238510      1.9218802E-02
  0.8293070      1.8665910E-02
  0.8347630      1.7707348E-02
  0.8402190      1.6604185E-02
  0.8456750      1.5657187E-02
