  0.2018710      5.0836205E-02
  0.2073270      5.1851392E-02
  0.2127830      5.2574515E-02
  0.2182390      5.2739382E-02
  0.2236950      5.0782084E-02
  0.2291510      4.8179865E-02
  0.2346070      4.7720790E-02
  0.2400630      4.9017549E-02
  0.2455190      5.0173879E-02
  0.2509750      5.1225781E-02
  0.2564310      5.2775979E-02
  0.2618870      5.3748608E-02
  0.2673430      5.2233338E-02
  0.2727980      4.9442291E-02
  0.2782540      4.6474099E-02
  0.2837100      4.6369791E-02
  0.2891660      4.5999408E-02
  0.2946220      4.2571068E-02
  0.3000780      3.8338423E-02
  0.3055340      3.6597610E-02
  0.3109900      3.8011432E-02
  0.3164460      4.1064382E-02
  0.3219020      4.3399215E-02
  0.3273580      4.3901086E-02
  0.3328140      4.2861104E-02
  0.3382700      4.1902542E-02
  0.3437260      4.1443110E-02
  0.3491820      4.1325688E-02
  0.3546380      4.1187048E-02
  0.3600940      4.0439010E-02
  0.3655500      3.8946390E-02
  0.3710060      3.7173271E-02
  0.3764620      3.5873413E-02
  0.3819180      3.5224795E-02
  0.3873740      3.4519434E-02
  0.3928300      3.2933116E-02
  0.3982860      3.1413198E-02
  0.4037420      3.0858874E-02
  0.4091980      3.1124830E-02
  0.4146540      3.1131983E-02
  0.4201100      3.0948043E-02
  0.4255660      3.1087160E-02
  0.4310220      3.1799674E-02
  0.4364780      3.2697797E-02
  0.4419340      3.3536077E-02
  0.4473900      3.4042716E-02
  0.4528460      3.3967495E-02
  0.4583010      3.3103585E-02
  0.4637570      3.1804442E-02
  0.4692130      3.0739784E-02
  0.4746690      3.0121803E-02
  0.4801250      2.9353499E-02
  0.4855810      2.8182507E-02
  0.4910370      2.7294636E-02
  0.4964930      2.7414918E-02
  0.5019490      2.8574944E-02
  0.5074050      2.9918790E-02
  0.5128610      3.0708194E-02
  0.5183170      3.0832052E-02
  0.5237730      3.0204892E-02
  0.5292290      2.8739452E-02
  0.5346850      2.6793718E-02
  0.5401410      2.5471210E-02
  0.5455970      2.5699139E-02
  0.5510530      2.6985049E-02
  0.5565090      2.8097034E-02
  0.5619650      2.8315783E-02
  0.5674210      2.8144360E-02
  0.5728770      2.8007865E-02
  0.5783330      2.7673841E-02
  0.5837890      2.6652932E-02
  0.5892450      2.5218606E-02
  0.5947010      2.3706317E-02
  0.6001570      2.2070289E-02
  0.6056130      2.0132422E-02
  0.6110690      1.7804980E-02
  0.6165250      1.6061783E-02
  0.6219810      1.5829921E-02
  0.6274370      1.7020345E-02
  0.6328930      1.8763900E-02
  0.6383480      2.0290256E-02
  0.6438040      2.1275759E-02
  0.6492600      2.1749854E-02
  0.6547160      2.1439314E-02
  0.6601720      2.0455480E-02
  0.6656280      1.9434333E-02
  0.6710840      1.9179225E-02
  0.6765400      2.0473838E-02
  0.6819960      1.9651771E-02
  0.6874520      1.9061446E-02
  0.6929080      1.8301249E-02
  0.6983640      1.8040419E-02
  0.7038200      1.8238902E-02
  0.7092760      1.8583059E-02
  0.7147320      1.9025326E-02
  0.7201880      1.9620299E-02
  0.7256440      2.0268321E-02
  0.7311000      2.0858169E-02
  0.7365560      2.1790743E-02
  0.7420120      2.2498488E-02
  0.7474680      2.2608757E-02
  0.7529240      2.1835327E-02
  0.7583800      2.0499349E-02
  0.7638360      1.9314170E-02
  0.7692920      1.8789649E-02
  0.7747480      1.8835545E-02
  0.7802040      1.8809080E-02
  0.7856600      1.8195033E-02
  0.7911160      1.6921163E-02
  0.7965720      1.5300989E-02
  0.8020280      1.4152408E-02
  0.8074840      1.3767242E-02
  0.8129400      1.4235258E-02
  0.8183960      1.5064478E-02
  0.8238510      1.5529156E-02
  0.8293070      1.5135527E-02
  0.8347630      1.4025331E-02
  0.8402190      1.2823462E-02
  0.8456750      1.2098551E-02
