  0.2018710      4.5365572E-02
  0.2073270      4.8797011E-02
  0.2127830      5.1989675E-02
  0.2182390      4.9747944E-02
  0.2236950      4.8412681E-02
  0.2291510      5.2309752E-02
  0.2346070      5.8353424E-02
  0.2400630      6.0874462E-02
  0.2455190      5.5873275E-02
  0.2509750      4.7316790E-02
  0.2564310      4.3533683E-02
  0.2618870      4.6538711E-02
  0.2673430      5.2559495E-02
  0.2727980      5.8024168E-02
  0.2782540      5.7020783E-02
  0.2837100      5.1508307E-02
  0.2891660      4.5165539E-02
  0.2946220      4.1188598E-02
  0.3000780      3.9156675E-02
  0.3055340      3.7326455E-02
  0.3109900      3.4752846E-02
  0.3164460      3.2469273E-02
  0.3219020      3.2446265E-02
  0.3273580      3.5193205E-02
  0.3328140      3.9016128E-02
  0.3382700      4.2988896E-02
  0.3437260      4.6270490E-02
  0.3491820      4.8363566E-02
  0.3546380      4.9371123E-02
  0.3600940      4.9048543E-02
  0.3655500      4.6934962E-02
  0.3710060      4.3162107E-02
  0.3764620      3.9032936E-02
  0.3819180      3.5864949E-02
  0.3873740      3.3532977E-02
  0.3928300      3.1339765E-02
  0.3982860      3.0052662E-02
  0.4037420      3.0412912E-02
  0.4091980      3.2066464E-02
  0.4146540      3.3608913E-02
  0.4201100      3.4548044E-02
  0.4255660      3.4921408E-02
  0.4310220      3.5063744E-02
  0.4364780      3.5223365E-02
  0.4419340      3.5578966E-02
  0.4473900      3.6088824E-02
  0.4528460      3.6496758E-02
  0.4583010      3.6585212E-02
  0.4637570      3.6300778E-02
  0.4692130      3.5508871E-02
  0.4746690      3.3893824E-02
  0.4801250      3.1186461E-02
  0.4855810      2.7856350E-02
  0.4910370      2.5142789E-02
  0.4964930      2.3963928E-02
  0.5019490      2.4352431E-02
  0.5074050      2.5208831E-02
  0.5128610      2.5321126E-02
  0.5183170      2.4730444E-02
  0.5237730      2.4207354E-02
  0.5292290      2.4386644E-02
  0.5346850      2.4789095E-02
  0.5401410      2.4605989E-02
  0.5455970      2.3745656E-02
  0.5510530      2.2706389E-02
  0.5565090      2.2229910E-02
  0.5619650      2.2465587E-02
  0.5674210      2.3179054E-02
  0.5728770      2.3878098E-02
  0.5783330      2.4197221E-02
  0.5837890      2.4162531E-02
  0.5892450      2.4376750E-02
  0.5947010      2.4903774E-02
  0.6001570      2.5186539E-02
  0.6056130      2.4646163E-02
  0.6110690      2.2765040E-02
  0.6165250      2.0457625E-02
  0.6219810      1.9079804E-02
  0.6274370      1.9119143E-02
  0.6328930      1.9916415E-02
  0.6383480      2.0463467E-02
  0.6438040      2.0546436E-02
  0.6492600      2.0553708E-02
  0.6547160      2.0372391E-02
  0.6601720      1.9799709E-02
  0.6656280      1.9085050E-02
  0.6710840      1.8909335E-02
  0.6765400      2.0220518E-02
  0.6819960      1.9727945E-02
  0.6874520      1.9950867E-02
  0.6929080      2.0358562E-02
  0.6983640      2.1364570E-02
  0.7038200      2.2649050E-02
  0.7092760      2.3350477E-02
  0.7147320      2.2840619E-02
  0.7201880      2.1116972E-02
  0.7256440      1.8693089E-02
  0.7311000      1.6424060E-02
  0.7365560      1.5385032E-02
  0.7420120      1.5575528E-02
  0.7474680      1.6739726E-02
  0.7529240      1.8138409E-02
  0.7583800      1.8996596E-02
  0.7638360      1.8832088E-02
  0.7692920      1.7652512E-02
  0.7747480      1.6087055E-02
  0.7802040      1.4999747E-02
  0.7856600      1.5136480E-02
  0.7911160      1.6367674E-02
  0.7965720      1.7594934E-02
  0.8020280      1.7792106E-02
  0.8074840      1.6443729E-02
  0.8129400      1.4707208E-02
  0.8183960      1.4148235E-02
  0.8238510      1.5311956E-02
  0.8293070      1.7251253E-02
  0.8347630      1.8584251E-02
  0.8402190      1.8774986E-02
  0.8456750      1.8236160E-02
