  0.2018710      6.3634634E-02
  0.2073270      6.1988831E-02
  0.2127830      5.2241445E-02
  0.2182390      4.1869283E-02
  0.2236950      3.9477110E-02
  0.2291510      4.1368365E-02
  0.2346070      4.2544842E-02
  0.2400630      4.1380525E-02
  0.2455190      3.9690137E-02
  0.2509750      4.1133761E-02
  0.2564310      4.4490099E-02
  0.2618870      4.5995355E-02
  0.2673430      4.4523478E-02
  0.2727980      4.2057633E-02
  0.2782540      3.8430452E-02
  0.2837100      3.7230968E-02
  0.2891660      3.9464116E-02
  0.2946220      4.2405009E-02
  0.3000780      4.2950511E-02
  0.3055340      4.1260123E-02
  0.3109900      3.9570570E-02
  0.3164460      3.9694905E-02
  0.3219020      4.1804671E-02
  0.3273580      4.4081211E-02
  0.3328140      4.3648601E-02
  0.3382700      3.9742351E-02
  0.3437260      3.4080267E-02
  0.3491820      3.0607700E-02
  0.3546380      3.1648636E-02
  0.3600940      3.5167933E-02
  0.3655500      3.8158417E-02
  0.3710060      3.9400697E-02
  0.3764620      3.8628101E-02
  0.3819180      3.6012769E-02
  0.3873740      3.2941580E-02
  0.3928300      3.1237245E-02
  0.3982860      3.1787634E-02
  0.4037420      3.3802867E-02
  0.4091980      3.6284804E-02
  0.4146540      3.7975311E-02
  0.4201100      3.7801027E-02
  0.4255660      3.5204887E-02
  0.4310220      3.1649470E-02
  0.4364780      2.9392719E-02
  0.4419340      2.9448032E-02
  0.4473900      3.1037569E-02
  0.4528460      3.2827258E-02
  0.4583010      3.3892393E-02
  0.4637570      3.3845544E-02
  0.4692130      3.2630563E-02
  0.4746690      3.0367017E-02
  0.4801250      2.7438998E-02
  0.4855810      2.4672508E-02
  0.4910370      2.2931218E-02
  0.4964930      2.2295594E-02
  0.5019490      2.2372484E-02
  0.5074050      2.2660136E-02
  0.5128610      2.2776723E-02
  0.5183170      2.2589445E-02
  0.5237730      2.1970749E-02
  0.5292290      2.1303058E-02
  0.5346850      2.1036267E-02
  0.5401410      2.1409273E-02
  0.5455970      2.2310495E-02
  0.5510530      2.3471951E-02
  0.5565090      2.4670959E-02
  0.5619650      2.5401354E-02
  0.5674210      2.5321722E-02
  0.5728770      2.4632692E-02
  0.5783330      2.3841739E-02
  0.5837890      2.3052216E-02
  0.5892450      2.2377610E-02
  0.5947010      2.2235870E-02
  0.6001570      2.3304701E-02
  0.6056130      2.5632739E-02
  0.6110690      2.7731895E-02
  0.6165250      2.8417349E-02
  0.6219810      2.7347326E-02
  0.6274370      2.5047302E-02
  0.6328930      2.2499442E-02
  0.6383480      2.0579457E-02
  0.6438040      1.9590139E-02
  0.6492600      1.9403338E-02
  0.6547160      1.9579887E-02
  0.6601720      1.9803166E-02
  0.6656280      1.9720316E-02
  0.6710840      1.9002080E-02
  0.6765400      1.8725753E-02
  0.6819960      1.7253995E-02
  0.6874520      1.7834663E-02
  0.6929080      1.9344091E-02
  0.6983640      2.0845175E-02
  0.7038200      2.1895885E-02
  0.7092760      2.2842050E-02
  0.7147320      2.4036527E-02
  0.7201880      2.5083423E-02
  0.7256440      2.5308847E-02
  0.7311000      2.4532557E-02
  0.7365560      2.3727655E-02
  0.7420120      2.2966623E-02
  0.7474680      2.2394776E-02
  0.7529240      2.1610618E-02
  0.7583800      2.0268679E-02
  0.7638360      1.8561959E-02
  0.7692920      1.7230034E-02
  0.7747480      1.7030120E-02
  0.7802040      1.7798066E-02
  0.7856600      1.8752933E-02
  0.7911160      1.8980145E-02
  0.7965720      1.8197179E-02
  0.8020280      1.7143846E-02
  0.8074840      1.6261339E-02
  0.8129400      1.5695453E-02
  0.8183960      1.5207648E-02
  0.8238510      1.4700532E-02
  0.8293070      1.4244795E-02
  0.8347630      1.3905168E-02
  0.8402190      1.3813257E-02
  0.8456750      1.4183760E-02
