  0.2018710      4.2248130E-02
  0.2073270      4.6103358E-02
  0.2127830      4.8168659E-02
  0.2182390      4.8633575E-02
  0.2236950      4.8093796E-02
  0.2291510      4.7287107E-02
  0.2346070      4.7171712E-02
  0.2400630      4.6157241E-02
  0.2455190      4.3094993E-02
  0.2509750      4.0654898E-02
  0.2564310      4.1221261E-02
  0.2618870      4.3023586E-02
  0.2673430      4.4020176E-02
  0.2727980      4.4453263E-02
  0.2782540      4.2397380E-02
  0.2837100      3.9207816E-02
  0.2891660      3.6699176E-02
  0.2946220      3.7056565E-02
  0.3000780      3.9516807E-02
  0.3055340      4.1594505E-02
  0.3109900      4.1312575E-02
  0.3164460      3.9018154E-02
  0.3219020      3.7656426E-02
  0.3273580      3.9772153E-02
  0.3328140      4.4254780E-02
  0.3382700      4.8137426E-02
  0.3437260      4.8246384E-02
  0.3491820      4.3869734E-02
  0.3546380      3.7909508E-02
  0.3600940      3.3568740E-02
  0.3655500      3.2181859E-02
  0.3710060      3.2722592E-02
  0.3764620      3.3675790E-02
  0.3819180      3.3874989E-02
  0.3873740      3.2992482E-02
  0.3928300      3.1113505E-02
  0.3982860      2.9471517E-02
  0.4037420      2.9173970E-02
  0.4091980      3.0757189E-02
  0.4146540      3.3254147E-02
  0.4201100      3.5193801E-02
  0.4255660      3.5291314E-02
  0.4310220      3.3503532E-02
  0.4364780      3.0654550E-02
  0.4419340      2.7915239E-02
  0.4473900      2.6144743E-02
  0.4528460      2.5702834E-02
  0.4583010      2.6226997E-02
  0.4637570      2.7085543E-02
  0.4692130      2.7880311E-02
  0.4746690      2.8573513E-02
  0.4801250      2.8988838E-02
  0.4855810      2.8748870E-02
  0.4910370      2.7470708E-02
  0.4964930      2.4923205E-02
  0.5019490      2.1883965E-02
  0.5074050      1.9733071E-02
  0.5128610      1.9552350E-02
  0.5183170      2.1564722E-02
  0.5237730      2.4580240E-02
  0.5292290      2.6945233E-02
  0.5346850      2.7687073E-02
  0.5401410      2.7274609E-02
  0.5455970      2.6669025E-02
  0.5510530      2.6160359E-02
  0.5565090      2.5760412E-02
  0.5619650      2.5331378E-02
  0.5674210      2.4890542E-02
  0.5728770      2.4518967E-02
  0.5783330      2.4154782E-02
  0.5837890      2.3464441E-02
  0.5892450      2.2478461E-02
  0.5947010      2.1594048E-02
  0.6001570      2.1183133E-02
  0.6056130      2.1258473E-02
  0.6110690      2.1405697E-02
  0.6165250      2.2000909E-02
  0.6219810      2.3024917E-02
  0.6274370      2.3537636E-02
  0.6328930      2.2696733E-02
  0.6383480      2.0800233E-02
  0.6438040      1.8852830E-02
  0.6492600      1.7672062E-02
  0.6547160      1.7459989E-02
  0.6601720      1.8156648E-02
  0.6656280      1.9347191E-02
  0.6710840      2.0287156E-02
  0.6765400      2.1422744E-02
  0.6819960      2.0010591E-02
  0.6874520      1.9516110E-02
  0.6929080      1.9359112E-02
  0.6983640      1.9600391E-02
  0.7038200      1.9950747E-02
  0.7092760      1.9946218E-02
  0.7147320      1.9401193E-02
  0.7201880      1.8704414E-02
  0.7256440      1.8363476E-02
  0.7311000      1.8313050E-02
  0.7365560      1.8270969E-02
  0.7420120      1.7645001E-02
  0.7474680      1.7143250E-02
  0.7529240      1.7272711E-02
  0.7583800      1.7563581E-02
  0.7638360      1.7263889E-02
  0.7692920      1.6433597E-02
  0.7747480      1.5872121E-02
  0.7802040      1.5901446E-02
  0.7856600      1.6223311E-02
  0.7911160      1.6222477E-02
  0.7965720      1.5661001E-02
  0.8020280      1.5043020E-02
  0.8074840      1.4796376E-02
  0.8129400      1.5292287E-02
  0.8183960      1.6173244E-02
  0.8238510      1.6633391E-02
  0.8293070      1.6191125E-02
  0.8347630      1.5236616E-02
  0.8402190      1.4618754E-02
  0.8456750      1.4836669E-02
