  0.2018710      5.9676528E-02
  0.2073270      5.8857441E-02
  0.2127830      5.3171039E-02
  0.2182390      4.8874974E-02
  0.2236950      4.8499942E-02
  0.2291510      4.9423575E-02
  0.2346070      4.9724340E-02
  0.2400630      4.7809124E-02
  0.2455190      4.5651436E-02
  0.2509750      4.8795462E-02
  0.2564310      5.6377053E-02
  0.2618870      6.1366796E-02
  0.2673430      6.0986042E-02
  0.2727980      5.8410406E-02
  0.2782540      5.3668499E-02
  0.2837100      4.9086928E-02
  0.2891660      4.4551492E-02
  0.2946220      4.0575862E-02
  0.3000780      3.7608266E-02
  0.3055340      3.5567045E-02
  0.3109900      3.4621119E-02
  0.3164460      3.4522414E-02
  0.3219020      3.5308957E-02
  0.3273580      3.6718130E-02
  0.3328140      3.8150191E-02
  0.3382700      3.9971828E-02
  0.3437260      4.1518450E-02
  0.3491820      4.1659594E-02
  0.3546380      3.9748549E-02
  0.3600940      3.6739111E-02
  0.3655500      3.4850240E-02
  0.3710060      3.4583211E-02
  0.3764620      3.4426093E-02
  0.3819180      3.3372521E-02
  0.3873740      3.1917095E-02
  0.3928300      3.0821800E-02
  0.3982860      3.0296922E-02
  0.4037420      2.9804230E-02
  0.4091980      2.9397368E-02
  0.4146540      2.9838085E-02
  0.4201100      3.1750798E-02
  0.4255660      3.4083962E-02
  0.4310220      3.5144806E-02
  0.4364780      3.4363389E-02
  0.4419340      3.3016443E-02
  0.4473900      3.2457232E-02
  0.4528460      3.2642722E-02
  0.4583010      3.2504678E-02
  0.4637570      3.1306505E-02
  0.4692130      2.9303312E-02
  0.4746690      2.7244210E-02
  0.4801250      2.5607824E-02
  0.4855810      2.5023222E-02
  0.4910370      2.5867224E-02
  0.4964930      2.7319789E-02
  0.5019490      2.7729511E-02
  0.5074050      2.6296854E-02
  0.5128610      2.4254560E-02
  0.5183170      2.3842216E-02
  0.5237730      2.5521874E-02
  0.5292290      2.7856350E-02
  0.5346850      2.9094458E-02
  0.5401410      2.8640389E-02
  0.5455970      2.6949048E-02
  0.5510530      2.5157094E-02
  0.5565090      2.4427533E-02
  0.5619650      2.4792075E-02
  0.5674210      2.5482059E-02
  0.5728770      2.5948882E-02
  0.5783330      2.6479483E-02
  0.5837890      2.7117729E-02
  0.5892450      2.7424097E-02
  0.5947010      2.6710629E-02
  0.6001570      2.5183320E-02
  0.6056130      2.3902178E-02
  0.6110690      2.2922039E-02
  0.6165250      2.1986127E-02
  0.6219810      2.1024585E-02
  0.6274370      2.0395041E-02
  0.6328930      2.0488262E-02
  0.6383480      2.1298051E-02
  0.6438040      2.2406816E-02
  0.6492600      2.3043036E-02
  0.6547160      2.2452831E-02
  0.6601720      2.1135926E-02
  0.6656280      2.0513535E-02
  0.6710840      2.1029115E-02
  0.6765400      2.2310257E-02
  0.6819960      2.0074606E-02
  0.6874520      1.8104076E-02
  0.6929080      1.7557502E-02
  0.6983640      1.9319773E-02
  0.7038200      2.1863818E-02
  0.7092760      2.3139596E-02
  0.7147320      2.2616863E-02
  0.7201880      2.1062613E-02
  0.7256440      1.9313335E-02
  0.7311000      1.7932057E-02
  0.7365560      1.7414331E-02
  0.7420120      1.7070532E-02
  0.7474680      1.6548038E-02
  0.7529240      1.5846133E-02
  0.7583800      1.5435576E-02
  0.7638360      1.5675783E-02
  0.7692920      1.6403317E-02
  0.7747480      1.7259955E-02
  0.7802040      1.7805457E-02
  0.7856600      1.7962575E-02
  0.7911160      1.7819524E-02
  0.7965720      1.7621160E-02
  0.8020280      1.8012404E-02
  0.8074840      1.8990755E-02
  0.8129400      2.0131469E-02
  0.8183960      2.0546675E-02
  0.8238510      1.9801855E-02
  0.8293070      1.8410921E-02
  0.8347630      1.7342925E-02
  0.8402190      1.7114520E-02
  0.8456750      1.7435431E-02
