  0.2018710      4.9083948E-02
  0.2073270      4.7039390E-02
  0.2127830      4.5738101E-02
  0.2182390      4.5722127E-02
  0.2236950      4.8234344E-02
  0.2291510      5.3486824E-02
  0.2346070      6.0377359E-02
  0.2400630      6.5287590E-02
  0.2455190      6.3605309E-02
  0.2509750      5.7816386E-02
  0.2564310      5.3860307E-02
  0.2618870      5.2767158E-02
  0.2673430      5.1350236E-02
  0.2727980      4.8874617E-02
  0.2782540      4.4591665E-02
  0.2837100      4.3349385E-02
  0.2891660      4.5937538E-02
  0.2946220      4.8798561E-02
  0.3000780      4.8776388E-02
  0.3055340      4.6007633E-02
  0.3109900      4.2443156E-02
  0.3164460      3.9936423E-02
  0.3219020      3.9468646E-02
  0.3273580      4.0525436E-02
  0.3328140      4.0752172E-02
  0.3382700      3.9248109E-02
  0.3437260      3.6423445E-02
  0.3491820      3.4087300E-02
  0.3546380      3.3742666E-02
  0.3600940      3.4729838E-02
  0.3655500      3.5584688E-02
  0.3710060      3.6055565E-02
  0.3764620      3.6613584E-02
  0.3819180      3.7302971E-02
  0.3873740      3.7336230E-02
  0.3928300      3.5584927E-02
  0.3982860      3.2507658E-02
  0.4037420      2.9615641E-02
  0.4091980      2.9074311E-02
  0.4146540      3.1471252E-02
  0.4201100      3.5092831E-02
  0.4255660      3.7250280E-02
  0.4310220      3.7107110E-02
  0.4364780      3.5737753E-02
  0.4419340      3.4252048E-02
  0.4473900      3.2640934E-02
  0.4528460      3.0802608E-02
  0.4583010      2.9069185E-02
  0.4637570      2.7916312E-02
  0.4692130      2.7436972E-02
  0.4746690      2.7537823E-02
  0.4801250      2.8219700E-02
  0.4855810      2.9458404E-02
  0.4910370      3.0847311E-02
  0.4964930      3.1201839E-02
  0.5019490      3.0012965E-02
  0.5074050      2.8217673E-02
  0.5128610      2.7456999E-02
  0.5183170      2.8472662E-02
  0.5237730      3.0068040E-02
  0.5292290      3.0537963E-02
  0.5346850      2.9289365E-02
  0.5401410      2.7240276E-02
  0.5455970      2.5615454E-02
  0.5510530      2.4717450E-02
  0.5565090      2.4005651E-02
  0.5619650      2.2741914E-02
  0.5674210      2.0974636E-02
  0.5728770      1.9657612E-02
  0.5783330      1.9662142E-02
  0.5837890      2.0726919E-02
  0.5892450      2.2080898E-02
  0.5947010      2.2961259E-02
  0.6001570      2.3233056E-02
  0.6056130      2.3422837E-02
  0.6110690      2.3524642E-02
  0.6165250      2.3449302E-02
  0.6219810      2.3011327E-02
  0.6274370      2.2247553E-02
  0.6328930      2.1515608E-02
  0.6383480      2.1115422E-02
  0.6438040      2.1183610E-02
  0.6492600      2.1959424E-02
  0.6547160      2.3251295E-02
  0.6601720      2.4683714E-02
  0.6656280      2.6129365E-02
  0.6710840      2.7706504E-02
  0.6765400      3.0408144E-02
  0.6819960      2.9277802E-02
  0.6874520      2.7742505E-02
  0.6929080      2.5051951E-02
  0.6983640      2.2449255E-02
  0.7038200      2.0600319E-02
  0.7092760      1.9215345E-02
  0.7147320      1.7903924E-02
  0.7201880      1.6870737E-02
  0.7256440      1.6455650E-02
  0.7311000      1.6511440E-02
  0.7365560      1.6777754E-02
  0.7420120      1.6681194E-02
  0.7474680      1.6628861E-02
  0.7529240      1.6910076E-02
  0.7583800      1.7294168E-02
  0.7638360      1.7410636E-02
  0.7692920      1.7168760E-02
  0.7747480      1.6897678E-02
  0.7802040      1.6756296E-02
  0.7856600      1.6945720E-02
  0.7911160      1.7460108E-02
  0.7965720      1.8096328E-02
  0.8020280      1.8648505E-02
  0.8074840      1.8478870E-02
  0.8129400      1.7541885E-02
  0.8183960      1.6170621E-02
  0.8238510      1.4994383E-02
  0.8293070      1.4601827E-02
  0.8347630      1.5189886E-02
  0.8402190      1.6448021E-02
  0.8456750      1.7887592E-02
