  0.2018710      4.4364929E-02
  0.2073270      4.3264151E-02
  0.2127830      4.6884775E-02
  0.2182390      5.5090189E-02
  0.2236950      5.9403658E-02
  0.2291510      5.8091521E-02
  0.2346070      5.3509712E-02
  0.2400630      4.7369242E-02
  0.2455190      4.2947531E-02
  0.2509750      4.3304086E-02
  0.2564310      4.5569777E-02
  0.2618870      4.6048760E-02
  0.2673430      4.4203758E-02
  0.2727980      4.1958094E-02
  0.2782540      3.9661527E-02
  0.2837100      3.9585710E-02
  0.2891660      4.0213823E-02
  0.2946220      3.9769053E-02
  0.3000780      3.8915753E-02
  0.3055340      3.9285898E-02
  0.3109900      4.1774750E-02
  0.3164460      4.5045018E-02
  0.3219020      4.7824502E-02
  0.3273580      4.9270988E-02
  0.3328140      4.9679279E-02
  0.3382700      4.9442530E-02
  0.3437260      4.8202872E-02
  0.3491820      4.5679808E-02
  0.3546380      4.2612314E-02
  0.3600940      3.9880872E-02
  0.3655500      3.7788033E-02
  0.3710060      3.6068916E-02
  0.3764620      3.4531713E-02
  0.3819180      3.3267975E-02
  0.3873740      3.2518625E-02
  0.3928300      3.2544851E-02
  0.3982860      3.3699274E-02
  0.4037420      3.5164356E-02
  0.4091980      3.6042213E-02
  0.4146540      3.6168933E-02
  0.4201100      3.6380172E-02
  0.4255660      3.6339998E-02
  0.4310220      3.4957170E-02
  0.4364780      3.2037497E-02
  0.4419340      2.9135823E-02
  0.4473900      2.8072238E-02
  0.4528460      2.9294372E-02
  0.4583010      3.1667113E-02
  0.4637570      3.3557296E-02
  0.4692130      3.3914208E-02
  0.4746690      3.2711744E-02
  0.4801250      3.0612946E-02
  0.4855810      2.8628469E-02
  0.4910370      2.7474761E-02
  0.4964930      2.6902199E-02
  0.5019490      2.6514411E-02
  0.5074050      2.6447415E-02
  0.5128610      2.7062893E-02
  0.5183170      2.8394580E-02
  0.5237730      2.9547215E-02
  0.5292290      2.9587865E-02
  0.5346850      2.8215885E-02
  0.5401410      2.6381612E-02
  0.5455970      2.5384903E-02
  0.5510530      2.5868058E-02
  0.5565090      2.7664065E-02
  0.5619650      2.9895425E-02
  0.5674210      3.1224847E-02
  0.5728770      3.0593395E-02
  0.5783330      2.8172851E-02
  0.5837890      2.5281787E-02
  0.5892450      2.3369908E-02
  0.5947010      2.2528291E-02
  0.6001570      2.2185206E-02
  0.6056130      2.2151113E-02
  0.6110690      2.2052646E-02
  0.6165250      2.1998286E-02
  0.6219810      2.2178411E-02
  0.6274370      2.2834063E-02
  0.6328930      2.3741126E-02
  0.6383480      2.4255276E-02
  0.6438040      2.4176121E-02
  0.6492600      2.4098873E-02
  0.6547160      2.4301410E-02
  0.6601720      2.4182081E-02
  0.6656280      2.2938609E-02
  0.6710840      2.0608664E-02
  0.6765400      1.9223928E-02
  0.6819960      1.7448902E-02
  0.6874520      1.8129110E-02
  0.6929080      1.9790530E-02
  0.6983640      2.1490335E-02
  0.7038200      2.2522807E-02
  0.7092760      2.2559643E-02
  0.7147320      2.1784902E-02
  0.7201880      2.0625710E-02
  0.7256440      1.9577265E-02
  0.7311000      1.8939376E-02
  0.7365560      1.9007564E-02
  0.7420120      1.9145489E-02
  0.7474680      1.9194126E-02
  0.7529240      1.9031644E-02
  0.7583800      1.8491268E-02
  0.7638360      1.7471075E-02
  0.7692920      1.6298175E-02
  0.7747480      1.5614152E-02
  0.7802040      1.5594482E-02
  0.7856600      1.5990615E-02
  0.7911160      1.6409993E-02
  0.7965720      1.6772151E-02
  0.8020280      1.7348528E-02
  0.8074840      1.7817378E-02
  0.8129400      1.7982602E-02
  0.8183960      1.7818093E-02
  0.8238510      1.7403960E-02
  0.8293070      1.6761541E-02
  0.8347630      1.5909314E-02
  0.8402190      1.4867663E-02
  0.8456750      1.3749599E-02
