  0.2018710      6.1922312E-02
  0.2073270      5.1518798E-02
  0.2127830      4.1381478E-02
  0.2182390      3.9084554E-02
  0.2236950      4.1346073E-02
  0.2291510      4.2516589E-02
  0.2346070      4.3181062E-02
  0.2400630      4.4485688E-02
  0.2455190      4.6959877E-02
  0.2509750      4.8831344E-02
  0.2564310      4.8343778E-02
  0.2618870      4.6966672E-02
  0.2673430      4.5280814E-02
  0.2727980      4.3312192E-02
  0.2782540      4.0243626E-02
  0.2837100      4.0758610E-02
  0.2891660      4.4781566E-02
  0.2946220      4.8291445E-02
  0.3000780      4.8416018E-02
  0.3055340      4.6003103E-02
  0.3109900      4.2407393E-02
  0.3164460      3.8692713E-02
  0.3219020      3.6791205E-02
  0.3273580      3.7590623E-02
  0.3328140      3.8966179E-02
  0.3382700      3.9057970E-02
  0.3437260      3.7148237E-02
  0.3491820      3.4006238E-02
  0.3546380      3.1583548E-02
  0.3600940      3.0940175E-02
  0.3655500      3.1679630E-02
  0.3710060      3.2320023E-02
  0.3764620      3.1539202E-02
  0.3819180      2.9948950E-02
  0.3873740      2.9397488E-02
  0.3928300      3.0715942E-02
  0.3982860      3.3301473E-02
  0.4037420      3.5363078E-02
  0.4091980      3.5701036E-02
  0.4146540      3.3842802E-02
  0.4201100      3.0594945E-02
  0.4255660      2.6995420E-02
  0.4310220      2.4191618E-02
  0.4364780      2.3018360E-02
  0.4419340      2.3849249E-02
  0.4473900      2.6034951E-02
  0.4528460      2.8260350E-02
  0.4583010      2.9426217E-02
  0.4637570      2.9506564E-02
  0.4692130      2.9452801E-02
  0.4746690      2.9816747E-02
  0.4801250      3.0052781E-02
  0.4855810      2.9526472E-02
  0.4910370      2.8366923E-02
  0.4964930      2.7027726E-02
  0.5019490      2.6024818E-02
  0.5074050      2.5446534E-02
  0.5128610      2.5073528E-02
  0.5183170      2.4549484E-02
  0.5237730      2.3301840E-02
  0.5292290      2.1495223E-02
  0.5346850      2.0188570E-02
  0.5401410      2.0571828E-02
  0.5455970      2.2574306E-02
  0.5510530      2.4783731E-02
  0.5565090      2.5847912E-02
  0.5619650      2.5237083E-02
  0.5674210      2.3524165E-02
  0.5728770      2.1781206E-02
  0.5783330      2.0956635E-02
  0.5837890      2.1152735E-02
  0.5892450      2.1961212E-02
  0.5947010      2.2546530E-02
  0.6001570      2.2781134E-02
  0.6056130      2.3457885E-02
  0.6110690      2.4634123E-02
  0.6165250      2.5826097E-02
  0.6219810      2.6357293E-02
  0.6274370      2.6074290E-02
  0.6328930      2.5204182E-02
  0.6383480      2.3907781E-02
  0.6438040      2.2256494E-02
  0.6492600      2.0783186E-02
  0.6547160      1.9844770E-02
  0.6601720      1.9322634E-02
  0.6656280      1.8703103E-02
  0.6710840      1.7729521E-02
  0.6765400      1.7503858E-02
  0.6819960      1.6217232E-02
  0.6874520      1.6259313E-02
  0.6929080      1.6631603E-02
  0.6983640      1.7050743E-02
  0.7038200      1.7377734E-02
  0.7092760      1.7533898E-02
  0.7147320      1.7509103E-02
  0.7201880      1.7472148E-02
  0.7256440      1.7680407E-02
  0.7311000      1.7951131E-02
  0.7365560      1.7923117E-02
  0.7420120      1.6985655E-02
  0.7474680      1.5910387E-02
  0.7529240      1.5530109E-02
  0.7583800      1.5830040E-02
  0.7638360      1.6266227E-02
  0.7692920      1.6636848E-02
  0.7747480      1.6973972E-02
  0.7802040      1.6889453E-02
  0.7856600      1.6191125E-02
  0.7911160      1.5232444E-02
  0.7965720      1.4644861E-02
  0.8020280      1.4811993E-02
  0.8074840      1.5084624E-02
  0.8129400      1.5079021E-02
  0.8183960      1.4887571E-02
  0.8238510      1.5018225E-02
  0.8293070      1.5823007E-02
  0.8347630      1.7025828E-02
  0.8402190      1.7844200E-02
  0.8456750      1.7692685E-02
