  0.2018710      5.2688479E-02
  0.2073270      4.4682145E-02
  0.2127830      4.1743875E-02
  0.2182390      4.8200488E-02
  0.2236950      5.5590034E-02
  0.2291510      5.8051586E-02
  0.2346070      5.7118177E-02
  0.2400630      5.4659009E-02
  0.2455190      5.1492095E-02
  0.2509750      4.8206329E-02
  0.2564310      4.4640064E-02
  0.2618870      4.0698767E-02
  0.2673430      3.7059784E-02
  0.2727980      3.5991669E-02
  0.2782540      3.6984682E-02
  0.2837100      3.9567471E-02
  0.2891660      4.1346669E-02
  0.2946220      4.2060256E-02
  0.3000780      4.2683721E-02
  0.3055340      4.3808341E-02
  0.3109900      4.5125961E-02
  0.3164460      4.6868205E-02
  0.3219020      4.9538016E-02
  0.3273580      5.2808523E-02
  0.3328140      5.5225015E-02
  0.3382700      5.6311965E-02
  0.3437260      5.5538774E-02
  0.3491820      5.2801371E-02
  0.3546380      4.9483776E-02
  0.3600940      4.6934843E-02
  0.3655500      4.6045303E-02
  0.3710060      4.5957804E-02
  0.3764620      4.4818282E-02
  0.3819180      4.1639566E-02
  0.3873740      3.7609100E-02
  0.3928300      3.4654617E-02
  0.3982860      3.3831835E-02
  0.4037420      3.3561349E-02
  0.4091980      3.2389522E-02
  0.4146540      3.0441165E-02
  0.4201100      2.9163837E-02
  0.4255660      2.8944016E-02
  0.4310220      2.9402375E-02
  0.4364780      3.0100346E-02
  0.4419340      3.1276941E-02
  0.4473900      3.3037901E-02
  0.4528460      3.4566760E-02
  0.4583010      3.4543872E-02
  0.4637570      3.2750487E-02
  0.4692130      3.0604839E-02
  0.4746690      2.9588938E-02
  0.4801250      2.9590368E-02
  0.4855810      2.9548049E-02
  0.4910370      2.8952360E-02
  0.4964930      2.8015137E-02
  0.5019490      2.7248740E-02
  0.5074050      2.6769280E-02
  0.5128610      2.6626825E-02
  0.5183170      2.7123094E-02
  0.5237730      2.7797341E-02
  0.5292290      2.7457714E-02
  0.5346850      2.5348783E-02
  0.5401410      2.2497773E-02
  0.5455970      2.0809293E-02
  0.5510530      2.1231055E-02
  0.5565090      2.2888422E-02
  0.5619650      2.3974776E-02
  0.5674210      2.3535967E-02
  0.5728770      2.2444487E-02
  0.5783330      2.2054195E-02
  0.5837890      2.2549629E-02
  0.5892450      2.3356557E-02
  0.5947010      2.3752570E-02
  0.6001570      2.3746729E-02
  0.6056130      2.3910642E-02
  0.6110690      2.4143577E-02
  0.6165250      2.4243355E-02
  0.6219810      2.3937941E-02
  0.6274370      2.3432136E-02
  0.6328930      2.3338914E-02
  0.6383480      2.3845911E-02
  0.6438040      2.4122119E-02
  0.6492600      2.3651242E-02
  0.6547160      2.2670984E-02
  0.6601720      2.1879435E-02
  0.6656280      2.1446705E-02
  0.6710840      2.1232605E-02
  0.6765400      2.2117376E-02
  0.6819960      2.1187663E-02
  0.6874520      2.0920157E-02
  0.6929080      2.0052671E-02
  0.6983640      1.8968701E-02
  0.7038200      1.8483281E-02
  0.7092760      1.8869996E-02
  0.7147320      1.9567490E-02
  0.7201880      1.9832730E-02
  0.7256440      1.9615293E-02
  0.7311000      1.9495010E-02
  0.7365560      2.0016193E-02
  0.7420120      2.0254850E-02
  0.7474680      1.9769311E-02
  0.7529240      1.8846154E-02
  0.7583800      1.8054128E-02
  0.7638360      1.7576456E-02
  0.7692920      1.7197251E-02
  0.7747480      1.6889334E-02
  0.7802040      1.6609073E-02
  0.7856600      1.6376257E-02
  0.7911160      1.6111374E-02
  0.7965720      1.5808344E-02
  0.8020280      1.5771985E-02
  0.8074840      1.5814304E-02
  0.8129400      1.5947342E-02
  0.8183960      1.6215205E-02
  0.8238510      1.6786456E-02
  0.8293070      1.7551780E-02
  0.8347630      1.8149853E-02
  0.8402190      1.8173814E-02
  0.8456750      1.7593980E-02
