  0.2018710      4.6429515E-02
  0.2073270      4.5315862E-02
  0.2127830      4.5245290E-02
  0.2182390      4.7445893E-02
  0.2236950      5.0145030E-02
  0.2291510      5.2473903E-02
  0.2346070      5.4712057E-02
  0.2400630      5.5314064E-02
  0.2455190      5.2589893E-02
  0.2509750      4.9393296E-02
  0.2564310      4.8911452E-02
  0.2618870      4.9839139E-02
  0.2673430      4.9869180E-02
  0.2727980      4.9053550E-02
  0.2782540      4.6284676E-02
  0.2837100      4.4794559E-02
  0.2891660      4.5883656E-02
  0.2946220      4.8646331E-02
  0.3000780      5.0817847E-02
  0.3055340      5.1373482E-02
  0.3109900      5.0703049E-02
  0.3164460      4.9334168E-02
  0.3219020      4.7073841E-02
  0.3273580      4.3438077E-02
  0.3328140      3.8999677E-02
  0.3382700      3.5822868E-02
  0.3437260      3.4298897E-02
  0.3491820      3.3470511E-02
  0.3546380      3.2877922E-02
  0.3600940      3.3053637E-02
  0.3655500      3.4386039E-02
  0.3710060      3.6277652E-02
  0.3764620      3.7720680E-02
  0.3819180      3.8372397E-02
  0.3873740      3.8300395E-02
  0.3928300      3.7428975E-02
  0.3982860      3.6136031E-02
  0.4037420      3.4766316E-02
  0.4091980      3.4375072E-02
  0.4146540      3.5287380E-02
  0.4201100      3.6779284E-02
  0.4255660      3.7061691E-02
  0.4310220      3.5334229E-02
  0.4364780      3.2510877E-02
  0.4419340      3.0371189E-02
  0.4473900      2.9755354E-02
  0.4528460      3.0188560E-02
  0.4583010      3.0532479E-02
  0.4637570      3.0200124E-02
  0.4692130      2.9613495E-02
  0.4746690      2.9615998E-02
  0.4801250      3.0242443E-02
  0.4855810      3.0658484E-02
  0.4910370      2.9983282E-02
  0.4964930      2.7905941E-02
  0.5019490      2.5342822E-02
  0.5074050      2.3632884E-02
  0.5128610      2.3467660E-02
  0.5183170      2.4704576E-02
  0.5237730      2.6331425E-02
  0.5292290      2.7285218E-02
  0.5346850      2.7060151E-02
  0.5401410      2.5983810E-02
  0.5455970      2.4824500E-02
  0.5510530      2.4044991E-02
  0.5565090      2.3928404E-02
  0.5619650      2.4334788E-02
  0.5674210      2.4710894E-02
  0.5728770      2.4256229E-02
  0.5783330      2.2760272E-02
  0.5837890      2.0963311E-02
  0.5892450      2.0344853E-02
  0.5947010      2.1285772E-02
  0.6001570      2.3055553E-02
  0.6056130      2.4973750E-02
  0.6110690      2.6116133E-02
  0.6165250      2.6150823E-02
  0.6219810      2.5172591E-02
  0.6274370      2.3785353E-02
  0.6328930      2.2644043E-02
  0.6383480      2.1787167E-02
  0.6438040      2.0735145E-02
  0.6492600      1.9432306E-02
  0.6547160      1.8106937E-02
  0.6601720      1.7340422E-02
  0.6656280      1.7721057E-02
  0.6710840      1.9230008E-02
  0.6765400      2.1690726E-02
  0.6819960      2.0736575E-02
  0.6874520      1.8981099E-02
  0.6929080      1.6675591E-02
  0.6983640      1.5300989E-02
  0.7038200      1.5336871E-02
  0.7092760      1.6209841E-02
  0.7147320      1.7237186E-02
  0.7201880      1.8192887E-02
  0.7256440      1.9026041E-02
  0.7311000      1.9535303E-02
  0.7365560      1.9685030E-02
  0.7420120      1.9059300E-02
  0.7474680      1.8112063E-02
  0.7529240      1.7467499E-02
  0.7583800      1.7513156E-02
  0.7638360      1.8192530E-02
  0.7692920      1.9070506E-02
  0.7747480      1.9720197E-02
  0.7802040      1.9694686E-02
  0.7856600      1.9050837E-02
  0.7911160      1.8206477E-02
  0.7965720      1.7588854E-02
  0.8020280      1.7521739E-02
  0.8074840      1.7564893E-02
  0.8129400      1.7395496E-02
  0.8183960      1.6869545E-02
  0.8238510      1.6222239E-02
  0.8293070      1.5833616E-02
  0.8347630      1.5957832E-02
  0.8402190      1.6454101E-02
  0.8456750      1.6909480E-02
