  0.2018710      5.4109216E-02
  0.2073270      5.6158066E-02
  0.2127830      5.4585695E-02
  0.2182390      4.6925306E-02
  0.2236950      3.9718390E-02
  0.2291510      3.7114739E-02
  0.2346070      3.8093567E-02
  0.2400630      4.0505648E-02
  0.2455190      4.2344213E-02
  0.2509750      4.1693330E-02
  0.2564310      3.8845301E-02
  0.2618870      3.6246181E-02
  0.2673430      3.5203218E-02
  0.2727980      3.6406040E-02
  0.2782540      3.7496924E-02
  0.2837100      3.7912607E-02
  0.2891660      3.6584616E-02
  0.2946220      3.4283638E-02
  0.3000780      3.2848597E-02
  0.3055340      3.2822371E-02
  0.3109900      3.3049703E-02
  0.3164460      3.2552719E-02
  0.3219020      3.2343745E-02
  0.3273580      3.3497572E-02
  0.3328140      3.4454823E-02
  0.3382700      3.4143686E-02
  0.3437260      3.3000112E-02
  0.3491820      3.2913923E-02
  0.3546380      3.5040736E-02
  0.3600940      3.7930727E-02
  0.3655500      3.9077282E-02
  0.3710060      3.7580967E-02
  0.3764620      3.4839034E-02
  0.3819180      3.2631278E-02
  0.3873740      3.1406999E-02
  0.3928300      3.0051231E-02
  0.3982860      2.7987719E-02
  0.4037420      2.5683045E-02
  0.4091980      2.4436355E-02
  0.4146540      2.5030136E-02
  0.4201100      2.7433038E-02
  0.4255660      3.0269265E-02
  0.4310220      3.2072306E-02
  0.4364780      3.2340169E-02
  0.4419340      3.2014132E-02
  0.4473900      3.2404542E-02
  0.4528460      3.3986092E-02
  0.4583010      3.5814166E-02
  0.4637570      3.6300659E-02
  0.4692130      3.4962654E-02
  0.4746690      3.2969713E-02
  0.4801250      3.1708479E-02
  0.4855810      3.1519294E-02
  0.4910370      3.1706452E-02
  0.4964930      3.1409144E-02
  0.5019490      3.0799747E-02
  0.5074050      3.0611873E-02
  0.5128610      3.1087160E-02
  0.5183170      3.1471372E-02
  0.5237730      3.0375719E-02
  0.5292290      2.7334094E-02
  0.5346850      2.3718119E-02
  0.5401410      2.1540284E-02
  0.5455970      2.1382332E-02
  0.5510530      2.1859169E-02
  0.5565090      2.1674752E-02
  0.5619650      2.0925641E-02
  0.5674210      2.0357966E-02
  0.5728770      2.0123243E-02
  0.5783330      1.9512534E-02
  0.5837890      1.8108964E-02
  0.5892450      1.6802311E-02
  0.5947010      1.6706109E-02
  0.6001570      1.8013597E-02
  0.6056130      1.9995809E-02
  0.6110690      2.1564245E-02
  0.6165250      2.2698402E-02
  0.6219810      2.3722053E-02
  0.6274370      2.4430156E-02
  0.6328930      2.4454117E-02
  0.6383480      2.3852706E-02
  0.6438040      2.3048639E-02
  0.6492600      2.2552133E-02
  0.6547160      2.2309303E-02
  0.6601720      2.2228837E-02
  0.6656280      2.2090316E-02
  0.6710840      2.1689177E-02
  0.6765400      2.1968126E-02
  0.6819960      2.0369411E-02
  0.6874520      2.0392299E-02
  0.6929080      2.1245122E-02
  0.6983640      2.2587299E-02
  0.7038200      2.3785949E-02
  0.7092760      2.4230719E-02
  0.7147320      2.3778439E-02
  0.7201880      2.2617579E-02
  0.7256440      2.1043181E-02
  0.7311000      1.9437194E-02
  0.7365560      1.8519759E-02
  0.7420120      1.8064976E-02
  0.7474680      1.7905354E-02
  0.7529240      1.7713547E-02
  0.7583800      1.7461181E-02
  0.7638360      1.7365217E-02
  0.7692920      1.7523766E-02
  0.7747480      1.7818213E-02
  0.7802040      1.7971635E-02
  0.7856600      1.8090487E-02
  0.7911160      1.8344641E-02
  0.7965720      1.8682599E-02
  0.8020280      1.9135833E-02
  0.8074840      1.9266129E-02
  0.8129400      1.8995047E-02
  0.8183960      1.8432856E-02
  0.8238510      1.7989397E-02
  0.8293070      1.8027306E-02
  0.8347630      1.8296123E-02
  0.8402190      1.8120289E-02
  0.8456750      1.7253876E-02
