  0.2018710      5.7297707E-02
  0.2073270      5.6378961E-02
  0.2127830      5.1138997E-02
  0.2182390      5.2889824E-02
  0.2236950      6.3238502E-02
  0.2291510      7.1920395E-02
  0.2346070      7.4469447E-02
  0.2400630      6.9053650E-02
  0.2455190      5.6805253E-02
  0.2509750      4.6398044E-02
  0.2564310      4.4238329E-02
  0.2618870      4.7396779E-02
  0.2673430      5.1190734E-02
  0.2727980      5.4276347E-02
  0.2782540      5.3739309E-02
  0.2837100      5.0684333E-02
  0.2891660      4.5999646E-02
  0.2946220      4.1936398E-02
  0.3000780      3.9807677E-02
  0.3055340      4.0252805E-02
  0.3109900      4.2937756E-02
  0.3164460      4.6406388E-02
  0.3219020      4.8340797E-02
  0.3273580      4.7994137E-02
  0.3328140      4.6075940E-02
  0.3382700      4.4242859E-02
  0.3437260      4.3005109E-02
  0.3491820      4.2281389E-02
  0.3546380      4.2007685E-02
  0.3600940      4.1507840E-02
  0.3655500      3.9942980E-02
  0.3710060      3.6918759E-02
  0.3764620      3.2957196E-02
  0.3819180      2.9718995E-02
  0.3873740      2.8568387E-02
  0.3928300      2.9290557E-02
  0.3982860      3.1008244E-02
  0.4037420      3.2503724E-02
  0.4091980      3.3494473E-02
  0.4146540      3.3939719E-02
  0.4201100      3.4408927E-02
  0.4255660      3.4993291E-02
  0.4310220      3.5190105E-02
  0.4364780      3.4281969E-02
  0.4419340      3.2455564E-02
  0.4473900      3.0974507E-02
  0.4528460      3.1207800E-02
  0.4583010      3.3002615E-02
  0.4637570      3.4327745E-02
  0.4692130      3.3129811E-02
  0.4746690      2.9284358E-02
  0.4801250      2.4560928E-02
  0.4855810      2.1168590E-02
  0.4910370      2.0262718E-02
  0.4964930      2.1396518E-02
  0.5019490      2.3384094E-02
  0.5074050      2.5052071E-02
  0.5128610      2.5705814E-02
  0.5183170      2.5600195E-02
  0.5237730      2.5191545E-02
  0.5292290      2.4811506E-02
  0.5346850      2.4498701E-02
  0.5401410      2.4345517E-02
  0.5455970      2.4581552E-02
  0.5510530      2.5060654E-02
  0.5565090      2.5461793E-02
  0.5619650      2.5402069E-02
  0.5674210      2.4904251E-02
  0.5728770      2.4267912E-02
  0.5783330      2.3772359E-02
  0.5837890      2.3401499E-02
  0.5892450      2.3133039E-02
  0.5947010      2.2859573E-02
  0.6001570      2.2735715E-02
  0.6056130      2.3012996E-02
  0.6110690      2.3177028E-02
  0.6165250      2.2766590E-02
  0.6219810      2.1711946E-02
  0.6274370      2.0278573E-02
  0.6328930      1.8814802E-02
  0.6383480      1.7513156E-02
  0.6438040      1.6465187E-02
  0.6492600      1.5855432E-02
  0.6547160      1.5723586E-02
  0.6601720      1.6129375E-02
  0.6656280      1.7031789E-02
  0.6710840      1.8028498E-02
  0.6765400      1.9566774E-02
  0.6819960      1.8847942E-02
  0.6874520      1.8908024E-02
  0.6929080      1.8946528E-02
  0.6983640      1.8656373E-02
  0.7038200      1.7858505E-02
  0.7092760      1.6924977E-02
  0.7147320      1.6720533E-02
  0.7201880      1.7682314E-02
  0.7256440      1.9334316E-02
  0.7311000      2.0663738E-02
  0.7365560      2.1245241E-02
  0.7420120      2.0747542E-02
  0.7474680      1.9956350E-02
  0.7529240      1.9387364E-02
  0.7583800      1.8949389E-02
  0.7638360      1.8265605E-02
  0.7692920      1.7316222E-02
  0.7747480      1.6690016E-02
  0.7802040      1.6910911E-02
  0.7856600      1.8174410E-02
  0.7911160      1.9909263E-02
  0.7965720      2.1176934E-02
  0.8020280      2.1607995E-02
  0.8074840      2.0809293E-02
  0.8129400      1.9245863E-02
  0.8183960      1.7662764E-02
  0.8238510      1.6741633E-02
  0.8293070      1.6633868E-02
  0.8347630      1.6741514E-02
  0.8402190      1.6405463E-02
  0.8456750      1.5519977E-02
