  0.2018710      7.1871996E-02
  0.2073270      6.9974661E-02
  0.2127830      5.8007956E-02
  0.2182390      4.3449402E-02
  0.2236950      3.6365986E-02
  0.2291510      3.5104990E-02
  0.2346070      3.5387039E-02
  0.2400630      3.5522342E-02
  0.2455190      3.7228823E-02
  0.2509750      4.2575002E-02
  0.2564310      4.8312902E-02
  0.2618870      5.1445365E-02
  0.2673430      5.2125096E-02
  0.2727980      5.1531553E-02
  0.2782540      4.6561956E-02
  0.2837100      3.9778829E-02
  0.2891660      3.6352158E-02
  0.2946220      3.7388921E-02
  0.3000780      3.9188266E-02
  0.3055340      3.9723873E-02
  0.3109900      3.9415002E-02
  0.3164460      3.8922906E-02
  0.3219020      3.8579583E-02
  0.3273580      3.9627075E-02
  0.3328140      4.2739749E-02
  0.3382700      4.7038674E-02
  0.3437260      4.9765706E-02
  0.3491820      4.8903584E-02
  0.3546380      4.5241833E-02
  0.3600940      4.0628552E-02
  0.3655500      3.6517501E-02
  0.3710060      3.3368945E-02
  0.3764620      3.1544089E-02
  0.3819180      3.1763077E-02
  0.3873740      3.3485413E-02
  0.3928300      3.4601450E-02
  0.3982860      3.4385443E-02
  0.4037420      3.3241868E-02
  0.4091980      3.2079577E-02
  0.4146540      3.1178474E-02
  0.4201100      3.0951142E-02
  0.4255660      3.1273961E-02
  0.4310220      3.1559467E-02
  0.4364780      3.1247020E-02
  0.4419340      3.0538917E-02
  0.4473900      3.0031085E-02
  0.4528460      3.0076027E-02
  0.4583010      3.0355453E-02
  0.4637570      3.0315876E-02
  0.4692130      2.9817700E-02
  0.4746690      2.9253364E-02
  0.4801250      2.9025674E-02
  0.4855810      2.9148102E-02
  0.4910370      2.9291034E-02
  0.4964930      2.8956294E-02
  0.5019490      2.8338909E-02
  0.5074050      2.7910709E-02
  0.5128610      2.7601123E-02
  0.5183170      2.7355313E-02
  0.5237730      2.7274609E-02
  0.5292290      2.7671933E-02
  0.5346850      2.8438091E-02
  0.5401410      2.9178381E-02
  0.5455970      2.9518962E-02
  0.5510530      2.9166341E-02
  0.5565090      2.8302431E-02
  0.5619650      2.7118325E-02
  0.5674210      2.5524616E-02
  0.5728770      2.3466945E-02
  0.5783330      2.1446943E-02
  0.5837890      2.0357966E-02
  0.5892450      2.0684481E-02
  0.5947010      2.1720052E-02
  0.6001570      2.2390962E-02
  0.6056130      2.2526860E-02
  0.6110690      2.2160292E-02
  0.6165250      2.1699309E-02
  0.6219810      2.1294475E-02
  0.6274370      2.0929337E-02
  0.6328930      2.0734429E-02
  0.6383480      2.0887017E-02
  0.6438040      2.1277189E-02
  0.6492600      2.1746159E-02
  0.6547160      2.2132874E-02
  0.6601720      2.2668242E-02
  0.6656280      2.3412466E-02
  0.6710840      2.3980379E-02
  0.6765400      2.5378942E-02
  0.6819960      2.4392366E-02
  0.6874520      2.4918079E-02
  0.6929080      2.5302291E-02
  0.6983640      2.4923086E-02
  0.7038200      2.3627520E-02
  0.7092760      2.2022605E-02
  0.7147320      2.0880461E-02
  0.7201880      2.0429969E-02
  0.7256440      2.0261288E-02
  0.7311000      1.9866109E-02
  0.7365560      1.9590616E-02
  0.7420120      1.9425750E-02
  0.7474680      1.9796252E-02
  0.7529240      2.0473242E-02
  0.7583800      2.0804286E-02
  0.7638360      2.0385861E-02
  0.7692920      1.9414067E-02
  0.7747480      1.8528700E-02
  0.7802040      1.8081665E-02
  0.7856600      1.8252850E-02
  0.7911160      1.8936157E-02
  0.7965720      1.9644499E-02
  0.8020280      1.9968867E-02
  0.8074840      1.9265175E-02
  0.8129400      1.7894149E-02
  0.8183960      1.6786933E-02
  0.8238510      1.6606927E-02
  0.8293070      1.7091632E-02
  0.8347630      1.7460465E-02
  0.8402190      1.7298579E-02
  0.8456750      1.6857624E-02
