  0.2018710      4.5027852E-02
  0.2073270      4.7334790E-02
  0.2127830      4.9012661E-02
  0.2182390      5.2750707E-02
  0.2236950      5.6024432E-02
  0.2291510      5.5118680E-02
  0.2346070      5.1385403E-02
  0.2400630      4.5994043E-02
  0.2455190      4.1622281E-02
  0.2509750      4.1321158E-02
  0.2564310      4.3823838E-02
  0.2618870      4.6216726E-02
  0.2673430      4.7557235E-02
  0.2727980      5.0006747E-02
  0.2782540      5.2879214E-02
  0.2837100      5.6844711E-02
  0.2891660      5.8962107E-02
  0.2946220      5.7696581E-02
  0.3000780      5.3551674E-02
  0.3055340      4.7763944E-02
  0.3109900      4.2011380E-02
  0.3164460      3.8403869E-02
  0.3219020      3.7495375E-02
  0.3273580      3.7663937E-02
  0.3328140      3.6832571E-02
  0.3382700      3.5415888E-02
  0.3437260      3.3882976E-02
  0.3491820      3.2602191E-02
  0.3546380      3.1880021E-02
  0.3600940      3.2015562E-02
  0.3655500      3.2999992E-02
  0.3710060      3.3946037E-02
  0.3764620      3.3665419E-02
  0.3819180      3.1613827E-02
  0.3873740      2.8857350E-02
  0.3928300      2.7387619E-02
  0.3982860      2.8752923E-02
  0.4037420      3.2149911E-02
  0.4091980      3.5958767E-02
  0.4146540      3.8548827E-02
  0.4201100      3.9569974E-02
  0.4255660      3.8592696E-02
  0.4310220      3.5928369E-02
  0.4364780      3.2606483E-02
  0.4419340      2.9973984E-02
  0.4473900      2.8527975E-02
  0.4528460      2.8006077E-02
  0.4583010      2.7947545E-02
  0.4637570      2.8101206E-02
  0.4692130      2.8342247E-02
  0.4746690      2.8662324E-02
  0.4801250      2.9200673E-02
  0.4855810      3.0323863E-02
  0.4910370      3.2021284E-02
  0.4964930      3.3249378E-02
  0.5019490      3.3173203E-02
  0.5074050      3.1872153E-02
  0.5128610      2.9946208E-02
  0.5183170      2.8031588E-02
  0.5237730      2.6107907E-02
  0.5292290      2.4217248E-02
  0.5346850      2.2730947E-02
  0.5401410      2.2424579E-02
  0.5455970      2.3398161E-02
  0.5510530      2.4687290E-02
  0.5565090      2.5116205E-02
  0.5619650      2.4177790E-02
  0.5674210      2.2380590E-02
  0.5728770      2.0735860E-02
  0.5783330      2.0099044E-02
  0.5837890      2.0760179E-02
  0.5892450      2.2710323E-02
  0.5947010      2.5287032E-02
  0.6001570      2.7479529E-02
  0.6056130      2.8768420E-02
  0.6110690      2.8629303E-02
  0.6165250      2.7359724E-02
  0.6219810      2.5329471E-02
  0.6274370      2.2847891E-02
  0.6328930      2.0540237E-02
  0.6383480      1.9123554E-02
  0.6438040      1.8809319E-02
  0.6492600      1.9306660E-02
  0.6547160      2.0031571E-02
  0.6601720      2.0611644E-02
  0.6656280      2.0887017E-02
  0.6710840      2.0770550E-02
  0.6765400      2.1264076E-02
  0.6819960      1.9669652E-02
  0.6874520      1.8776536E-02
  0.6929080      1.7767787E-02
  0.6983640      1.6890407E-02
  0.7038200      1.6376972E-02
  0.7092760      1.6308308E-02
  0.7147320      1.6806602E-02
  0.7201880      1.7800450E-02
  0.7256440      1.8853068E-02
  0.7311000      1.9373178E-02
  0.7365560      1.9372106E-02
  0.7420120      1.8524289E-02
  0.7474680      1.7416835E-02
  0.7529240      1.6885877E-02
  0.7583800      1.7509580E-02
  0.7638360      1.9040704E-02
  0.7692920      2.0491123E-02
  0.7747480      2.1008730E-02
  0.7802040      2.0520568E-02
  0.7856600      1.9823551E-02
  0.7911160      1.9413114E-02
  0.7965720      1.8964887E-02
  0.8020280      1.8296003E-02
  0.8074840      1.7231464E-02
  0.8129400      1.6196370E-02
  0.8183960      1.5511036E-02
  0.8238510      1.5225768E-02
  0.8293070      1.5229106E-02
  0.8347630      1.5409827E-02
  0.8402190      1.5795708E-02
  0.8456750      1.6425014E-02
