  0.2018710      5.2827120E-02
  0.2073270      5.7811022E-02
  0.2127830      5.3949118E-02
  0.2182390      4.4658542E-02
  0.2236950      4.0476918E-02
  0.2291510      3.9659858E-02
  0.2346070      3.8905501E-02
  0.2400630      3.6661148E-02
  0.2455190      3.4403920E-02
  0.2509750      3.6323786E-02
  0.2564310      4.1662097E-02
  0.2618870      4.5708299E-02
  0.2673430      4.6120286E-02
  0.2727980      4.4679046E-02
  0.2782540      4.1607022E-02
  0.2837100      4.0855169E-02
  0.2891660      4.1726589E-02
  0.2946220      4.1362762E-02
  0.3000780      3.9267063E-02
  0.3055340      3.7822247E-02
  0.3109900      3.9077878E-02
  0.3164460      4.2564154E-02
  0.3219020      4.5631766E-02
  0.3273580      4.6154022E-02
  0.3328140      4.3848872E-02
  0.3382700      4.1391492E-02
  0.3437260      4.1074753E-02
  0.3491820      4.3204904E-02
  0.3546380      4.5688391E-02
  0.3600940      4.5842052E-02
  0.3655500      4.3565869E-02
  0.3710060      4.0141940E-02
  0.3764620      3.6735415E-02
  0.3819180      3.4380078E-02
  0.3873740      3.3526778E-02
  0.3928300      3.3280134E-02
  0.3982860      3.2889843E-02
  0.4037420      3.2396555E-02
  0.4091980      3.2468319E-02
  0.4146540      3.2801390E-02
  0.4201100      3.2504678E-02
  0.4255660      3.1138897E-02
  0.4310220      2.9586673E-02
  0.4364780      2.8655052E-02
  0.4419340      2.8405190E-02
  0.4473900      2.8619051E-02
  0.4528460      2.9209971E-02
  0.4583010      3.0063272E-02
  0.4637570      3.0946136E-02
  0.4692130      3.1542301E-02
  0.4746690      3.1399250E-02
  0.4801250      2.9932141E-02
  0.4855810      2.7203679E-02
  0.4910370      2.4432778E-02
  0.4964930      2.3236275E-02
  0.5019490      2.4335861E-02
  0.5074050      2.6646256E-02
  0.5128610      2.8298378E-02
  0.5183170      2.8426409E-02
  0.5237730      2.7253151E-02
  0.5292290      2.5784373E-02
  0.5346850      2.5102019E-02
  0.5401410      2.5642753E-02
  0.5455970      2.6702166E-02
  0.5510530      2.7175903E-02
  0.5565090      2.7080894E-02
  0.5619650      2.7082205E-02
  0.5674210      2.7271867E-02
  0.5728770      2.7186990E-02
  0.5783330      2.6684046E-02
  0.5837890      2.5939822E-02
  0.5892450      2.5176287E-02
  0.5947010      2.4199843E-02
  0.6001570      2.3202419E-02
  0.6056130      2.2704720E-02
  0.6110690      2.2322893E-02
  0.6165250      2.1839738E-02
  0.6219810      2.1194100E-02
  0.6274370      2.0432353E-02
  0.6328930      1.9816756E-02
  0.6383480      1.9654036E-02
  0.6438040      1.9632220E-02
  0.6492600      1.9204378E-02
  0.6547160      1.8261313E-02
  0.6601720      1.7692089E-02
  0.6656280      1.8211126E-02
  0.6710840      1.9422650E-02
  0.6765400      2.1419168E-02
  0.6819960      2.0525575E-02
  0.6874520      2.0155907E-02
  0.6929080      1.9421816E-02
  0.6983640      1.8612862E-02
  0.7038200      1.8305898E-02
  0.7092760      1.8995881E-02
  0.7147320      2.0404339E-02
  0.7201880      2.1350384E-02
  0.7256440      2.0865560E-02
  0.7311000      1.9057631E-02
  0.7365560      1.7264128E-02
  0.7420120      1.6146898E-02
  0.7474680      1.6048908E-02
  0.7529240      1.6492367E-02
  0.7583800      1.6906738E-02
  0.7638360      1.7240167E-02
  0.7692920      1.7688513E-02
  0.7747480      1.8349171E-02
  0.7802040      1.8954635E-02
  0.7856600      1.9498110E-02
  0.7911160      1.9968987E-02
  0.7965720      2.0153165E-02
  0.8020280      2.0070910E-02
  0.8074840      1.9457579E-02
  0.8129400      1.8534422E-02
  0.8183960      1.7435193E-02
  0.8238510      1.6397953E-02
  0.8293070      1.5874267E-02
  0.8347630      1.6120195E-02
  0.8402190      1.6754270E-02
  0.8456750      1.7011523E-02
