  0.2018710      7.1389914E-02
  0.2073270      7.2735429E-02
  0.2127830      7.0290923E-02
  0.2182390      6.7047954E-02
  0.2236950      6.4671516E-02
  0.2291510      6.1918616E-02
  0.2346070      5.8536768E-02
  0.2400630      5.4865241E-02
  0.2455190      5.1239848E-02
  0.2509750      4.8327565E-02
  0.2564310      4.5584798E-02
  0.2618870      4.3666601E-02
  0.2673430      4.2655468E-02
  0.2727980      4.2778969E-02
  0.2782540      4.1782737E-02
  0.2837100      4.0222883E-02
  0.2891660      3.8786530E-02
  0.2946220      3.9791942E-02
  0.3000780      4.3774962E-02
  0.3055340      4.8152566E-02
  0.3109900      4.8684120E-02
  0.3164460      4.4069171E-02
  0.3219020      3.7240863E-02
  0.3273580      3.2046914E-02
  0.3328140      2.9695988E-02
  0.3382700      2.9421210E-02
  0.3437260      2.9390454E-02
  0.3491820      2.8257132E-02
  0.3546380      2.6719809E-02
  0.3600940      2.6195765E-02
  0.3655500      2.6831269E-02
  0.3710060      2.7661204E-02
  0.3764620      2.8395891E-02
  0.3819180      2.9689431E-02
  0.3873740      3.1917572E-02
  0.3928300      3.4082055E-02
  0.3982860      3.5664678E-02
  0.4037420      3.6267638E-02
  0.4091980      3.5524249E-02
  0.4146540      3.3185959E-02
  0.4201100      3.0336380E-02
  0.4255660      2.8424263E-02
  0.4310220      2.7999043E-02
  0.4364780      2.8437018E-02
  0.4419340      2.8920054E-02
  0.4473900      2.9000998E-02
  0.4528460      2.8773546E-02
  0.4583010      2.8717160E-02
  0.4637570      2.9340148E-02
  0.4692130      3.0680060E-02
  0.4746690      3.2082319E-02
  0.4801250      3.2363415E-02
  0.4855810      3.0704260E-02
  0.4910370      2.7320385E-02
  0.4964930      2.3392081E-02
  0.5019490      2.0783305E-02
  0.5074050      2.0546317E-02
  0.5128610      2.2318006E-02
  0.5183170      2.5069594E-02
  0.5237730      2.7751803E-02
  0.5292290      2.9786944E-02
  0.5346850      3.0794740E-02
  0.5401410      3.0535221E-02
  0.5455970      2.8988838E-02
  0.5510530      2.6514530E-02
  0.5565090      2.4089932E-02
  0.5619650      2.2456408E-02
  0.5674210      2.1778226E-02
  0.5728770      2.1482825E-02
  0.5783330      2.1109939E-02
  0.5837890      2.0614266E-02
  0.5892450      2.0255327E-02
  0.5947010      1.9688845E-02
  0.6001570      1.8738031E-02
  0.6056130      1.8231392E-02
  0.6110690      1.8841267E-02
  0.6165250      2.0596147E-02
  0.6219810      2.2793651E-02
  0.6274370      2.4722219E-02
  0.6328930      2.6145339E-02
  0.6383480      2.7158141E-02
  0.6438040      2.7786016E-02
  0.6492600      2.7748942E-02
  0.6547160      2.6283979E-02
  0.6601720      2.3529053E-02
  0.6656280      2.0594001E-02
  0.6710840      1.8679142E-02
  0.6765400      1.8688083E-02
  0.6819960      1.7382383E-02
  0.6874520      1.6821146E-02
  0.6929080      1.6314626E-02
  0.6983640      1.6151547E-02
  0.7038200      1.6339779E-02
  0.7092760      1.6936064E-02
  0.7147320      1.7958403E-02
  0.7201880      1.8989205E-02
  0.7256440      1.9219756E-02
  0.7311000      1.8253803E-02
  0.7365560      1.6975045E-02
  0.7420120      1.6165495E-02
  0.7474680      1.6918540E-02
  0.7529240      1.9270539E-02
  0.7583800      2.2244096E-02
  0.7638360      2.4344563E-02
  0.7692920      2.4404645E-02
  0.7747480      2.2559524E-02
  0.7802040      2.0064473E-02
  0.7856600      1.8437028E-02
  0.7911160      1.7913103E-02
  0.7965720      1.7668962E-02
  0.8020280      1.7192125E-02
  0.8074840      1.6354322E-02
  0.8129400      1.5791535E-02
  0.8183960      1.5885353E-02
  0.8238510      1.6564608E-02
  0.8293070      1.7516613E-02
  0.8347630      1.8275976E-02
  0.8402190      1.8518329E-02
  0.8456750      1.8254519E-02
