  0.2018710      5.9327722E-02
  0.2073270      5.1895857E-02
  0.2127830      4.2982578E-02
  0.2182390      3.8397670E-02
  0.2236950      3.9161682E-02
  0.2291510      4.2374372E-02
  0.2346070      4.7146916E-02
  0.2400630      5.2523851E-02
  0.2455190      5.5931211E-02
  0.2509750      5.6395292E-02
  0.2564310      5.5205107E-02
  0.2618870      5.3547502E-02
  0.2673430      5.1657438E-02
  0.2727980      5.0065875E-02
  0.2782540      4.7286153E-02
  0.2837100      4.4511795E-02
  0.2891660      4.2526841E-02
  0.2946220      4.1937113E-02
  0.3000780      4.1365862E-02
  0.3055340      3.9274096E-02
  0.3109900      3.6272407E-02
  0.3164460      3.4466982E-02
  0.3219020      3.5041690E-02
  0.3273580      3.7255049E-02
  0.3328140      3.8949490E-02
  0.3382700      3.8973331E-02
  0.3437260      3.7621856E-02
  0.3491820      3.6445379E-02
  0.3546380      3.6456227E-02
  0.3600940      3.6377549E-02
  0.3655500      3.5083294E-02
  0.3710060      3.3499241E-02
  0.3764620      3.2962680E-02
  0.3819180      3.3338308E-02
  0.3873740      3.3728004E-02
  0.3928300      3.3491492E-02
  0.3982860      3.3346415E-02
  0.4037420      3.3605933E-02
  0.4091980      3.3777356E-02
  0.4146540      3.2802582E-02
  0.4201100      3.1033516E-02
  0.4255660      2.9789448E-02
  0.4310220      3.0125618E-02
  0.4364780      3.1458616E-02
  0.4419340      3.2467604E-02
  0.4473900      3.1908870E-02
  0.4528460      2.9934883E-02
  0.4583010      2.7693748E-02
  0.4637570      2.5984645E-02
  0.4692130      2.4657011E-02
  0.4746690      2.3570299E-02
  0.4801250      2.3094416E-02
  0.4855810      2.3517370E-02
  0.4910370      2.4431586E-02
  0.4964930      2.4957299E-02
  0.5019490      2.5073767E-02
  0.5074050      2.5207639E-02
  0.5128610      2.5572062E-02
  0.5183170      2.6273727E-02
  0.5237730      2.7016997E-02
  0.5292290      2.7333617E-02
  0.5346850      2.6920080E-02
  0.5401410      2.6281357E-02
  0.5455970      2.6310086E-02
  0.5510530      2.6970029E-02
  0.5565090      2.7062535E-02
  0.5619650      2.5284648E-02
  0.5674210      2.1869540E-02
  0.5728770      1.8546224E-02
  0.5783330      1.7031312E-02
  0.5837890      1.7651320E-02
  0.5892450      1.9633651E-02
  0.5947010      2.1788120E-02
  0.6001570      2.3334742E-02
  0.6056130      2.4399281E-02
  0.6110690      2.4924636E-02
  0.6165250      2.4944305E-02
  0.6219810      2.4597645E-02
  0.6274370      2.4182796E-02
  0.6328930      2.3876905E-02
  0.6383480      2.3530245E-02
  0.6438040      2.2979617E-02
  0.6492600      2.2540689E-02
  0.6547160      2.2295594E-02
  0.6601720      2.1992445E-02
  0.6656280      2.1097541E-02
  0.6710840      1.9623280E-02
  0.6765400      1.9129992E-02
  0.6819960      1.7885089E-02
  0.6874520      1.8432736E-02
  0.6929080      1.9319654E-02
  0.6983640      1.9878387E-02
  0.7038200      1.9705653E-02
  0.7092760      1.8987775E-02
  0.7147320      1.8402457E-02
  0.7201880      1.8560529E-02
  0.7256440      1.9408107E-02
  0.7311000      2.0344853E-02
  0.7365560      2.0987868E-02
  0.7420120      2.0517826E-02
  0.7474680      1.9197226E-02
  0.7529240      1.7781973E-02
  0.7583800      1.7016292E-02
  0.7638360      1.7259002E-02
  0.7692920      1.8152595E-02
  0.7747480      1.9029140E-02
  0.7802040      1.9355059E-02
  0.7856600      1.9293070E-02
  0.7911160      1.9148469E-02
  0.7965720      1.8792510E-02
  0.8020280      1.8133044E-02
  0.8074840      1.6929269E-02
  0.8129400      1.5706778E-02
  0.8183960      1.4857769E-02
  0.8238510      1.4498115E-02
  0.8293070      1.4523506E-02
  0.8347630      1.4962792E-02
  0.8402190      1.5949249E-02
  0.8456750      1.7546415E-02
