  0.2018710      6.0568094E-02
  0.2073270      6.4269066E-02
  0.2127830      5.7527423E-02
  0.2182390      4.9072742E-02
  0.2236950      4.8107982E-02
  0.2291510      4.9494863E-02
  0.2346070      4.9785972E-02
  0.2400630      4.9245238E-02
  0.2455190      4.8418522E-02
  0.2509750      4.6699643E-02
  0.2564310      4.3896317E-02
  0.2618870      4.1546583E-02
  0.2673430      4.1014075E-02
  0.2727980      4.3315768E-02
  0.2782540      4.5680165E-02
  0.2837100      4.7179222E-02
  0.2891660      4.7095180E-02
  0.2946220      4.6898842E-02
  0.3000780      4.6672344E-02
  0.3055340      4.5277834E-02
  0.3109900      4.2605996E-02
  0.3164460      4.0195227E-02
  0.3219020      3.9365888E-02
  0.3273580      3.9843321E-02
  0.3328140      4.0091872E-02
  0.3382700      3.9746284E-02
  0.3437260      3.8135052E-02
  0.3491820      3.5494208E-02
  0.3546380      3.3436060E-02
  0.3600940      3.3100486E-02
  0.3655500      3.3684492E-02
  0.3710060      3.3720016E-02
  0.3764620      3.2728434E-02
  0.3819180      3.1590700E-02
  0.3873740      3.0847073E-02
  0.3928300      3.0406594E-02
  0.3982860      3.0762076E-02
  0.4037420      3.2242417E-02
  0.4091980      3.4703970E-02
  0.4146540      3.6858559E-02
  0.4201100      3.7599564E-02
  0.4255660      3.6086440E-02
  0.4310220      3.2882690E-02
  0.4364780      2.9608727E-02
  0.4419340      2.7938724E-02
  0.4473900      2.8265953E-02
  0.4528460      2.9818177E-02
  0.4583010      3.1479955E-02
  0.4637570      3.2568097E-02
  0.4692130      3.2773376E-02
  0.4746690      3.2028913E-02
  0.4801250      3.0398369E-02
  0.4855810      2.8316617E-02
  0.4910370      2.6249409E-02
  0.4964930      2.4511576E-02
  0.5019490      2.3662448E-02
  0.5074050      2.4049282E-02
  0.5128610      2.5240064E-02
  0.5183170      2.6781559E-02
  0.5237730      2.8363705E-02
  0.5292290      2.9843092E-02
  0.5346850      3.0655026E-02
  0.5401410      3.0445814E-02
  0.5455970      2.9648423E-02
  0.5510530      2.8953075E-02
  0.5565090      2.8931856E-02
  0.5619650      2.9353261E-02
  0.5674210      2.9494643E-02
  0.5728770      2.9146910E-02
  0.5783330      2.8923631E-02
  0.5837890      2.9461384E-02
  0.5892450      3.0544877E-02
  0.5947010      3.0783892E-02
  0.6001570      2.9175162E-02
  0.6056130      2.6550174E-02
  0.6110690      2.4106860E-02
  0.6165250      2.3000598E-02
  0.6219810      2.3115873E-02
  0.6274370      2.3529291E-02
  0.6328930      2.3424983E-02
  0.6383480      2.2598505E-02
  0.6438040      2.1458149E-02
  0.6492600      2.0804763E-02
  0.6547160      2.1174669E-02
  0.6601720      2.2519469E-02
  0.6656280      2.3847580E-02
  0.6710840      2.3955822E-02
  0.6765400      2.3497939E-02
  0.6819960      2.0142436E-02
  0.6874520      1.8466711E-02
  0.6929080      1.8132925E-02
  0.6983640      1.8631458E-02
  0.7038200      1.9053340E-02
  0.7092760      1.9204021E-02
  0.7147320      1.9510627E-02
  0.7201880      2.0025611E-02
  0.7256440      2.0309448E-02
  0.7311000      2.0101547E-02
  0.7365560      2.0019889E-02
  0.7420120      2.0068765E-02
  0.7474680      2.0471811E-02
  0.7529240      2.1166086E-02
  0.7583800      2.1719337E-02
  0.7638360      2.1371007E-02
  0.7692920      1.9729495E-02
  0.7747480      1.7687440E-02
  0.7802040      1.6549706E-02
  0.7856600      1.6813159E-02
  0.7911160      1.7787457E-02
  0.7965720      1.8473983E-02
  0.8020280      1.8541574E-02
  0.8074840      1.7757654E-02
  0.8129400      1.6692877E-02
  0.8183960      1.5992761E-02
  0.8238510      1.5910387E-02
  0.8293070      1.6211987E-02
  0.8347630      1.6710520E-02
  0.8402190      1.7428041E-02
  0.8456750      1.8236399E-02
