  0.2018710      5.1222682E-02
  0.2073270      4.9900174E-02
  0.2127830      4.8862457E-02
  0.2182390      4.8307180E-02
  0.2236950      4.8234224E-02
  0.2291510      4.7536731E-02
  0.2346070      4.5767784E-02
  0.2400630      4.3497920E-02
  0.2455190      4.3637633E-02
  0.2509750      4.7557354E-02
  0.2564310      5.0868273E-02
  0.2618870      5.1582813E-02
  0.2673430      5.0837994E-02
  0.2727980      5.0665021E-02
  0.2782540      4.8616648E-02
  0.2837100      4.5630932E-02
  0.2891660      4.1653752E-02
  0.2946220      3.7480235E-02
  0.3000780      3.3740044E-02
  0.3055340      3.1280279E-02
  0.3109900      3.1052589E-02
  0.3164460      3.3218026E-02
  0.3219020      3.6355734E-02
  0.3273580      3.9113164E-02
  0.3328140      4.0645957E-02
  0.3382700      4.1664720E-02
  0.3437260      4.2228341E-02
  0.3491820      4.1791797E-02
  0.3546380      4.0012836E-02
  0.3600940      3.7123442E-02
  0.3655500      3.4197927E-02
  0.3710060      3.2266259E-02
  0.3764620      3.2016516E-02
  0.3819180      3.3974171E-02
  0.3873740      3.7827611E-02
  0.3928300      4.1088820E-02
  0.3982860      4.1890502E-02
  0.4037420      4.0553331E-02
  0.4091980      3.8937807E-02
  0.4146540      3.7596822E-02
  0.4201100      3.6399722E-02
  0.4255660      3.5203218E-02
  0.4310220      3.4232140E-02
  0.4364780      3.3267260E-02
  0.4419340      3.2071114E-02
  0.4473900      3.1107426E-02
  0.4528460      3.1175494E-02
  0.4583010      3.2075763E-02
  0.4637570      3.2503009E-02
  0.4692130      3.1304836E-02
  0.4746690      2.8541923E-02
  0.4801250      2.5194526E-02
  0.4855810      2.2513509E-02
  0.4910370      2.1214128E-02
  0.4964930      2.0983338E-02
  0.5019490      2.1310925E-02
  0.5074050      2.2107959E-02
  0.5128610      2.3304701E-02
  0.5183170      2.4442196E-02
  0.5237730      2.4652362E-02
  0.5292290      2.4059892E-02
  0.5346850      2.3532629E-02
  0.5401410      2.3628950E-02
  0.5455970      2.4066567E-02
  0.5510530      2.4216533E-02
  0.5565090      2.4064302E-02
  0.5619650      2.3704529E-02
  0.5674210      2.3281336E-02
  0.5728770      2.3145318E-02
  0.5783330      2.3691416E-02
  0.5837890      2.4733424E-02
  0.5892450      2.5536776E-02
  0.5947010      2.5247335E-02
  0.6001570      2.3918867E-02
  0.6056130      2.2598743E-02
  0.6110690      2.1720529E-02
  0.6165250      2.1674395E-02
  0.6219810      2.2387266E-02
  0.6274370      2.3040295E-02
  0.6328930      2.2685885E-02
  0.6383480      2.1164894E-02
  0.6438040      1.9353032E-02
  0.6492600      1.8324614E-02
  0.6547160      1.8187165E-02
  0.6601720      1.8626094E-02
  0.6656280      1.9400597E-02
  0.6710840      2.0491719E-02
  0.6765400      2.2480011E-02
  0.6819960      2.1531582E-02
  0.6874520      2.0410895E-02
  0.6929080      1.8707156E-02
  0.6983640      1.7341614E-02
  0.7038200      1.6799808E-02
  0.7092760      1.6884804E-02
  0.7147320      1.7106056E-02
  0.7201880      1.6974807E-02
  0.7256440      1.6419411E-02
  0.7311000      1.5970826E-02
  0.7365560      1.6731262E-02
  0.7420120      1.8509626E-02
  0.7474680      2.0475030E-02
  0.7529240      2.1509647E-02
  0.7583800      2.1251082E-02
  0.7638360      2.0117521E-02
  0.7692920      1.8667221E-02
  0.7747480      1.7237544E-02
  0.7802040      1.5956998E-02
  0.7856600      1.5224457E-02
  0.7911160      1.5182376E-02
  0.7965720      1.5542746E-02
  0.8020280      1.6008496E-02
  0.8074840      1.6169310E-02
  0.8129400      1.6108155E-02
  0.8183960      1.5965462E-02
  0.8238510      1.5775442E-02
  0.8293070      1.5600920E-02
  0.8347630      1.5492797E-02
  0.8402190      1.5465140E-02
  0.8456750      1.5552044E-02
