  0.2018710      6.3522816E-02
  0.2073270      6.0716271E-02
  0.2127830      5.6556106E-02
  0.2182390      5.5641532E-02
  0.2236950      5.7515979E-02
  0.2291510      5.8696508E-02
  0.2346070      5.8423877E-02
  0.2400630      5.6825399E-02
  0.2455190      5.4373145E-02
  0.2509750      5.2408576E-02
  0.2564310      5.1080585E-02
  0.2618870      4.9453139E-02
  0.2673430      4.7204256E-02
  0.2727980      4.5907736E-02
  0.2782540      4.4984698E-02
  0.2837100      4.6247005E-02
  0.2891660      4.8179269E-02
  0.2946220      4.8843861E-02
  0.3000780      4.7921062E-02
  0.3055340      4.6122551E-02
  0.3109900      4.3698788E-02
  0.3164460      4.0754080E-02
  0.3219020      3.7970781E-02
  0.3273580      3.5631061E-02
  0.3328140      3.3323169E-02
  0.3382700      3.1069040E-02
  0.3437260      2.8998971E-02
  0.3491820      2.7764320E-02
  0.3546380      2.8159380E-02
  0.3600940      2.9959917E-02
  0.3655500      3.2238245E-02
  0.3710060      3.4357667E-02
  0.3764620      3.6084175E-02
  0.3819180      3.7458539E-02
  0.3873740      3.8062811E-02
  0.3928300      3.7542343E-02
  0.3982860      3.6222458E-02
  0.4037420      3.4189582E-02
  0.4091980      3.1883121E-02
  0.4146540      3.0258417E-02
  0.4201100      3.0463934E-02
  0.4255660      3.2011509E-02
  0.4310220      3.3263087E-02
  0.4364780      3.3045053E-02
  0.4419340      3.1541586E-02
  0.4473900      2.9270887E-02
  0.4528460      2.6625991E-02
  0.4583010      2.4111509E-02
  0.4637570      2.2396803E-02
  0.4692130      2.1858931E-02
  0.4746690      2.2367001E-02
  0.4801250      2.3452044E-02
  0.4855810      2.4822235E-02
  0.4910370      2.6487708E-02
  0.4964930      2.8244972E-02
  0.5019490      2.9682279E-02
  0.5074050      3.0072093E-02
  0.5128610      2.8910875E-02
  0.5183170      2.6828647E-02
  0.5237730      2.4705410E-02
  0.5292290      2.3273587E-02
  0.5346850      2.2862911E-02
  0.5401410      2.3704886E-02
  0.5455970      2.5439501E-02
  0.5510530      2.6839733E-02
  0.5565090      2.7022362E-02
  0.5619650      2.6298165E-02
  0.5674210      2.5640368E-02
  0.5728770      2.5514722E-02
  0.5783330      2.5554657E-02
  0.5837890      2.5020361E-02
  0.5892450      2.3754954E-02
  0.5947010      2.2032857E-02
  0.6001570      2.0407915E-02
  0.6056130      1.9431591E-02
  0.6110690      1.8993497E-02
  0.6165250      1.9041181E-02
  0.6219810      1.9564509E-02
  0.6274370      2.0592809E-02
  0.6328930      2.2196651E-02
  0.6383480      2.3872614E-02
  0.6438040      2.4422169E-02
  0.6492600      2.3395419E-02
  0.6547160      2.1595836E-02
  0.6601720      2.0270348E-02
  0.6656280      1.9357443E-02
  0.6710840      1.8052340E-02
  0.6765400      1.7031312E-02
  0.6819960      1.5057325E-02
  0.6874520      1.5399933E-02
  0.6929080      1.6900182E-02
  0.6983640      1.8228531E-02
  0.7038200      1.8616199E-02
  0.7092760      1.8735051E-02
  0.7147320      1.9603848E-02
  0.7201880      2.1219015E-02
  0.7256440      2.2458911E-02
  0.7311000      2.2301078E-02
  0.7365560      2.1271467E-02
  0.7420120      2.0028472E-02
  0.7474680      1.9573569E-02
  0.7529240      1.9839883E-02
  0.7583800      2.0146489E-02
  0.7638360      1.9951820E-02
  0.7692920      1.9262791E-02
  0.7747480      1.8429518E-02
  0.7802040      1.7600179E-02
  0.7856600      1.6945362E-02
  0.7911160      1.6601920E-02
  0.7965720      1.6499996E-02
  0.8020280      1.6648531E-02
  0.8074840      1.6755223E-02
  0.8129400      1.7030478E-02
  0.8183960      1.7604947E-02
  0.8238510      1.8288851E-02
  0.8293070      1.8768907E-02
  0.8347630      1.8875599E-02
  0.8402190      1.8830657E-02
  0.8456750      1.8766403E-02
