  0.2018710      4.5225501E-02
  0.2073270      4.7844529E-02
  0.2127830      4.9294114E-02
  0.2182390      4.7152758E-02
  0.2236950      4.3258071E-02
  0.2291510      4.0251374E-02
  0.2346070      3.9601684E-02
  0.2400630      4.0662408E-02
  0.2455190      4.1268110E-02
  0.2509750      4.1432977E-02
  0.2564310      4.4710994E-02
  0.2618870      5.1064253E-02
  0.2673430      5.5438519E-02
  0.2727980      5.5019617E-02
  0.2782540      4.9184322E-02
  0.2837100      4.4504642E-02
  0.2891660      4.3498874E-02
  0.2946220      4.4164777E-02
  0.3000780      4.4069648E-02
  0.3055340      4.2767763E-02
  0.3109900      4.0393591E-02
  0.3164460      3.7355900E-02
  0.3219020      3.4732223E-02
  0.3273580      3.2939553E-02
  0.3328140      3.1645894E-02
  0.3382700      3.1223416E-02
  0.3437260      3.1865478E-02
  0.3491820      3.3419847E-02
  0.3546380      3.5414457E-02
  0.3600940      3.6556005E-02
  0.3655500      3.6281943E-02
  0.3710060      3.5459518E-02
  0.3764620      3.5328031E-02
  0.3819180      3.6019802E-02
  0.3873740      3.6687016E-02
  0.3928300      3.6924839E-02
  0.3982860      3.7495971E-02
  0.4037420      3.8441896E-02
  0.4091980      3.8877726E-02
  0.4146540      3.8241982E-02
  0.4201100      3.7210941E-02
  0.4255660      3.5956025E-02
  0.4310220      3.3993602E-02
  0.4364780      3.0922651E-02
  0.4419340      2.7760386E-02
  0.4473900      2.5870562E-02
  0.4528460      2.5671363E-02
  0.4583010      2.6394010E-02
  0.4637570      2.7210951E-02
  0.4692130      2.7848721E-02
  0.4746690      2.8337598E-02
  0.4801250      2.8436661E-02
  0.4855810      2.7911663E-02
  0.4910370      2.6834488E-02
  0.4964930      2.5484562E-02
  0.5019490      2.4448037E-02
  0.5074050      2.3910284E-02
  0.5128610      2.3377419E-02
  0.5183170      2.2571802E-02
  0.5237730      2.1797419E-02
  0.5292290      2.1792769E-02
  0.5346850      2.2769690E-02
  0.5401410      2.4103045E-02
  0.5455970      2.4847388E-02
  0.5510530      2.4553061E-02
  0.5565090      2.3919225E-02
  0.5619650      2.3957729E-02
  0.5674210      2.5247455E-02
  0.5728770      2.7258754E-02
  0.5783330      2.8489470E-02
  0.5837890      2.8010726E-02
  0.5892450      2.6817441E-02
  0.5947010      2.6578188E-02
  0.6001570      2.7515650E-02
  0.6056130      2.8376222E-02
  0.6110690      2.7510643E-02
  0.6165250      2.5219321E-02
  0.6219810      2.2846341E-02
  0.6274370      2.1167040E-02
  0.6328930      1.9973159E-02
  0.6383480      1.8774152E-02
  0.6438040      1.7732620E-02
  0.6492600      1.7647505E-02
  0.6547160      1.8939972E-02
  0.6601720      2.1096468E-02
  0.6656280      2.2940993E-02
  0.6710840      2.3740172E-02
  0.6765400      2.4753094E-02
  0.6819960      2.3080230E-02
  0.6874520      2.2248149E-02
  0.6929080      2.1146655E-02
  0.6983640      1.9838452E-02
  0.7038200      1.8483639E-02
  0.7092760      1.7415047E-02
  0.7147320      1.7251611E-02
  0.7201880      1.8242478E-02
  0.7256440      1.9588947E-02
  0.7311000      2.0109177E-02
  0.7365560      1.9894958E-02
  0.7420120      1.9372463E-02
  0.7474680      1.9492745E-02
  0.7529240      2.0252943E-02
  0.7583800      2.1016240E-02
  0.7638360      2.1208405E-02
  0.7692920      2.0522714E-02
  0.7747480      1.8955946E-02
  0.7802040      1.6822934E-02
  0.7856600      1.4978766E-02
  0.7911160      1.4084816E-02
  0.7965720      1.4254093E-02
  0.8020280      1.5313387E-02
  0.8074840      1.6538024E-02
  0.8129400      1.7425179E-02
  0.8183960      1.7516494E-02
  0.8238510      1.6738176E-02
  0.8293070      1.5578628E-02
  0.8347630      1.4743447E-02
  0.8402190      1.4493346E-02
  0.8456750      1.4544368E-02
