  0.2018710      4.6543002E-02
  0.2073270      4.4831753E-02
  0.2127830      4.7960997E-02
  0.2182390      5.3366303E-02
  0.2236950      5.5582404E-02
  0.2291510      5.3793550E-02
  0.2346070      4.9923658E-02
  0.2400630      4.5009851E-02
  0.2455190      4.0089130E-02
  0.2509750      3.6589980E-02
  0.2564310      3.4362435E-02
  0.2618870      3.3650279E-02
  0.2673430      3.5103083E-02
  0.2727980      3.9728761E-02
  0.2782540      4.4983149E-02
  0.2837100      4.9438953E-02
  0.2891660      5.0526261E-02
  0.2946220      4.8923254E-02
  0.3000780      4.6263695E-02
  0.3055340      4.3286562E-02
  0.3109900      4.0267110E-02
  0.3164460      3.8405538E-02
  0.3219020      3.8626075E-02
  0.3273580      3.9740801E-02
  0.3328140      3.9631009E-02
  0.3382700      3.8687348E-02
  0.3437260      3.8069487E-02
  0.3491820      3.8655639E-02
  0.3546380      4.0090799E-02
  0.3600940      4.0654898E-02
  0.3655500      3.9231420E-02
  0.3710060      3.6465406E-02
  0.3764620      3.3871055E-02
  0.3819180      3.2394290E-02
  0.3873740      3.1822801E-02
  0.3928300      3.1156898E-02
  0.3982860      3.0608535E-02
  0.4037420      3.0473948E-02
  0.4091980      3.0598998E-02
  0.4146540      3.0233622E-02
  0.4201100      2.9434919E-02
  0.4255660      2.8643012E-02
  0.4310220      2.8186083E-02
  0.4364780      2.7788281E-02
  0.4419340      2.7377963E-02
  0.4473900      2.7273059E-02
  0.4528460      2.7717590E-02
  0.4583010      2.8442025E-02
  0.4637570      2.8679252E-02
  0.4692130      2.7884245E-02
  0.4746690      2.6104569E-02
  0.4801250      2.4055719E-02
  0.4855810      2.2980452E-02
  0.4910370      2.3646355E-02
  0.4964930      2.5293231E-02
  0.5019490      2.6767492E-02
  0.5074050      2.7956247E-02
  0.5128610      2.9419184E-02
  0.5183170      3.1300664E-02
  0.5237730      3.2737970E-02
  0.5292290      3.3206344E-02
  0.5346850      3.3040404E-02
  0.5401410      3.2908678E-02
  0.5455970      3.2858253E-02
  0.5510530      3.2076240E-02
  0.5565090      3.0001163E-02
  0.5619650      2.6800513E-02
  0.5674210      2.3651481E-02
  0.5728770      2.1888852E-02
  0.5783330      2.1888852E-02
  0.5837890      2.2745728E-02
  0.5892450      2.3286700E-02
  0.5947010      2.2911787E-02
  0.6001570      2.2242069E-02
  0.6056130      2.2698641E-02
  0.6110690      2.4495006E-02
  0.6165250      2.6631117E-02
  0.6219810      2.7608871E-02
  0.6274370      2.7051687E-02
  0.6328930      2.5761604E-02
  0.6383480      2.4296403E-02
  0.6438040      2.2306681E-02
  0.6492600      1.9741774E-02
  0.6547160      1.7426729E-02
  0.6601720      1.6571879E-02
  0.6656280      1.7281175E-02
  0.6710840      1.8509150E-02
  0.6765400      2.0168424E-02
  0.6819960      1.9407988E-02
  0.6874520      1.9380808E-02
  0.6929080      1.9235969E-02
  0.6983640      1.8797040E-02
  0.7038200      1.7996788E-02
  0.7092760      1.7026186E-02
  0.7147320      1.6313434E-02
  0.7201880      1.6354561E-02
  0.7256440      1.7171264E-02
  0.7311000      1.8019199E-02
  0.7365560      1.8383622E-02
  0.7420120      1.8084407E-02
  0.7474680      1.8083215E-02
  0.7529240      1.8747091E-02
  0.7583800      1.9585967E-02
  0.7638360      2.0006299E-02
  0.7692920      2.0044327E-02
  0.7747480      2.0209908E-02
  0.7802040      2.0636082E-02
  0.7856600      2.1038175E-02
  0.7911160      2.0899892E-02
  0.7965720      2.0040035E-02
  0.8020280      1.9033432E-02
  0.8074840      1.7946482E-02
  0.8129400      1.6925097E-02
  0.8183960      1.6039133E-02
  0.8238510      1.5539765E-02
  0.8293070      1.5483499E-02
  0.8347630      1.5860677E-02
  0.8402190      1.6624331E-02
  0.8456750      1.7622352E-02
