  0.2018710      4.9376249E-02
  0.2073270      4.7323585E-02
  0.2127830      4.4934988E-02
  0.2182390      4.3962955E-02
  0.2236950      4.5509338E-02
  0.2291510      4.6433449E-02
  0.2346070      4.4805050E-02
  0.2400630      4.1422963E-02
  0.2455190      3.8685441E-02
  0.2509750      3.8248539E-02
  0.2564310      3.8758159E-02
  0.2618870      3.9379597E-02
  0.2673430      4.0027976E-02
  0.2727980      4.0607929E-02
  0.2782540      3.9315581E-02
  0.2837100      3.7338734E-02
  0.2891660      3.5322189E-02
  0.2946220      3.3607721E-02
  0.3000780      3.2939434E-02
  0.3055340      3.3777833E-02
  0.3109900      3.5639524E-02
  0.3164460      3.7439466E-02
  0.3219020      3.9286137E-02
  0.3273580      4.2308807E-02
  0.3328140      4.5969129E-02
  0.3382700      4.8630118E-02
  0.3437260      4.8394561E-02
  0.3491820      4.4768691E-02
  0.3546380      3.9363980E-02
  0.3600940      3.3900738E-02
  0.3655500      2.9861569E-02
  0.3710060      2.7882338E-02
  0.3764620      2.7643323E-02
  0.3819180      2.8314710E-02
  0.3873740      2.9016137E-02
  0.3928300      2.9044509E-02
  0.3982860      2.8957605E-02
  0.4037420      2.9699087E-02
  0.4091980      3.1883240E-02
  0.4146540      3.4386277E-02
  0.4201100      3.5516500E-02
  0.4255660      3.4157038E-02
  0.4310220      3.1428695E-02
  0.4364780      2.9227972E-02
  0.4419340      2.8782368E-02
  0.4473900      2.9659271E-02
  0.4528460      3.0718088E-02
  0.4583010      3.1095386E-02
  0.4637570      3.0757546E-02
  0.4692130      3.0058384E-02
  0.4746690      2.9095411E-02
  0.4801250      2.7728438E-02
  0.4855810      2.6301980E-02
  0.4910370      2.5709987E-02
  0.4964930      2.6123166E-02
  0.5019490      2.7313352E-02
  0.5074050      2.9051900E-02
  0.5128610      3.1147242E-02
  0.5183170      3.3129215E-02
  0.5237730      3.3745766E-02
  0.5292290      3.2211185E-02
  0.5346850      2.9010415E-02
  0.5401410      2.5662541E-02
  0.5455970      2.3242593E-02
  0.5510530      2.1742463E-02
  0.5565090      2.0968556E-02
  0.5619650      2.0962000E-02
  0.5674210      2.1830678E-02
  0.5728770      2.3090005E-02
  0.5783330      2.3913383E-02
  0.5837890      2.3857594E-02
  0.5892450      2.3251772E-02
  0.5947010      2.2380710E-02
  0.6001570      2.1579504E-02
  0.6056130      2.1413326E-02
  0.6110690      2.1849155E-02
  0.6165250      2.2506833E-02
  0.6219810      2.2554517E-02
  0.6274370      2.1400928E-02
  0.6328930      1.9476056E-02
  0.6383480      1.7926455E-02
  0.6438040      1.7459035E-02
  0.6492600      1.7793059E-02
  0.6547160      1.7898560E-02
  0.6601720      1.7194271E-02
  0.6656280      1.5943170E-02
  0.6710840      1.4992833E-02
  0.6765400      1.5602112E-02
  0.6819960      1.5810013E-02
  0.6874520      1.7035365E-02
  0.6929080      1.8002629E-02
  0.6983640      1.8397808E-02
  0.7038200      1.8147230E-02
  0.7092760      1.7438889E-02
  0.7147320      1.6707182E-02
  0.7201880      1.6406536E-02
  0.7256440      1.6510725E-02
  0.7311000      1.6515493E-02
  0.7365560      1.6340375E-02
  0.7420120      1.5981555E-02
  0.7474680      1.6098380E-02
  0.7529240      1.6778350E-02
  0.7583800      1.7451644E-02
  0.7638360      1.7501593E-02
  0.7692920      1.7027378E-02
  0.7747480      1.6718745E-02
  0.7802040      1.6897440E-02
  0.7856600      1.7265320E-02
  0.7911160      1.7226934E-02
  0.7965720      1.6556263E-02
  0.8020280      1.5828252E-02
  0.8074840      1.5354037E-02
  0.8129400      1.5477538E-02
  0.8183960      1.6250968E-02
  0.8238510      1.7475009E-02
  0.8293070      1.8578410E-02
  0.8347630      1.8935442E-02
  0.8402190      1.8447995E-02
  0.8456750      1.7674804E-02
