  0.2018710      5.4221034E-02
  0.2073270      4.6760321E-02
  0.2127830      3.5906434E-02
  0.2182390      3.2184958E-02
  0.2236950      3.6176920E-02
  0.2291510      3.9803028E-02
  0.2346070      4.1470885E-02
  0.2400630      4.1492939E-02
  0.2455190      4.1140079E-02
  0.2509750      4.2202950E-02
  0.2564310      4.3852448E-02
  0.2618870      4.4078827E-02
  0.2673430      4.2878032E-02
  0.2727980      4.2630434E-02
  0.2782540      4.3270111E-02
  0.2837100      4.5952559E-02
  0.2891660      4.8160911E-02
  0.2946220      4.7707438E-02
  0.3000780      4.4486880E-02
  0.3055340      4.0182829E-02
  0.3109900      3.7241936E-02
  0.3164460      3.7711859E-02
  0.3219020      4.1292071E-02
  0.3273580      4.4872522E-02
  0.3328140      4.5096993E-02
  0.3382700      4.1926265E-02
  0.3437260      3.7170410E-02
  0.3491820      3.4024239E-02
  0.3546380      3.4353137E-02
  0.3600940      3.6523342E-02
  0.3655500      3.7436008E-02
  0.3710060      3.5697222E-02
  0.3764620      3.2274842E-02
  0.3819180      2.9386044E-02
  0.3873740      2.8826714E-02
  0.3928300      3.0420542E-02
  0.3982860      3.2669783E-02
  0.4037420      3.3330560E-02
  0.4091980      3.1582832E-02
  0.4146540      2.8153181E-02
  0.4201100      2.5409102E-02
  0.4255660      2.4948239E-02
  0.4310220      2.6309490E-02
  0.4364780      2.7940631E-02
  0.4419340      2.9446959E-02
  0.4473900      3.1490207E-02
  0.4528460      3.4498930E-02
  0.4583010      3.8170457E-02
  0.4637570      4.1993022E-02
  0.4692130      4.5449018E-02
  0.4746690      4.7595978E-02
  0.4801250      4.7036886E-02
  0.4855810      4.3427944E-02
  0.4910370      3.8377047E-02
  0.4964930      3.4147024E-02
  0.5019490      3.1976819E-02
  0.5074050      3.0942678E-02
  0.5128610      2.9498339E-02
  0.5183170      2.7508736E-02
  0.5237730      2.5664091E-02
  0.5292290      2.4583578E-02
  0.5346850      2.4141192E-02
  0.5401410      2.3727298E-02
  0.5455970      2.2771835E-02
  0.5510530      2.1252751E-02
  0.5565090      2.0039916E-02
  0.5619650      1.9925594E-02
  0.5674210      2.0896316E-02
  0.5728770      2.2080421E-02
  0.5783330      2.2646189E-02
  0.5837890      2.2554398E-02
  0.5892450      2.2920012E-02
  0.5947010      2.4375558E-02
  0.6001570      2.6219726E-02
  0.6056130      2.7117610E-02
  0.6110690      2.5882363E-02
  0.6165250      2.3313642E-02
  0.6219810      2.0975232E-02
  0.6274370      1.9616723E-02
  0.6328930      1.8791437E-02
  0.6383480      1.7932653E-02
  0.6438040      1.7174363E-02
  0.6492600      1.6915321E-02
  0.6547160      1.7048836E-02
  0.6601720      1.7327666E-02
  0.6656280      1.7506599E-02
  0.6710840      1.7666340E-02
  0.6765400      1.8755674E-02
  0.6819960      1.8286228E-02
  0.6874520      1.8661022E-02
  0.6929080      1.8925071E-02
  0.6983640      1.9033790E-02
  0.7038200      1.8832326E-02
  0.7092760      1.8095255E-02
  0.7147320      1.7143011E-02
  0.7201880      1.6618967E-02
  0.7256440      1.6702294E-02
  0.7311000      1.6881943E-02
  0.7365560      1.7197371E-02
  0.7420120      1.7708063E-02
  0.7474680      1.8674016E-02
  0.7529240      1.9525051E-02
  0.7583800      1.9638062E-02
  0.7638360      1.9261241E-02
  0.7692920      1.9170880E-02
  0.7747480      1.9585490E-02
  0.7802040      1.9764900E-02
  0.7856600      1.9255400E-02
  0.7911160      1.8343329E-02
  0.7965720      1.7697334E-02
  0.8020280      1.7824054E-02
  0.8074840      1.8106580E-02
  0.8129400      1.7997861E-02
  0.8183960      1.7152309E-02
  0.8238510      1.5779614E-02
  0.8293070      1.4565349E-02
  0.8347630      1.4218688E-02
  0.8402190      1.4841676E-02
  0.8456750      1.5830398E-02
