  0.2018710      5.0846338E-02
  0.2073270      5.7059288E-02
  0.2127830      5.9390068E-02
  0.2182390      5.5198312E-02
  0.2236950      4.8385382E-02
  0.2291510      4.3463707E-02
  0.2346070      4.1799784E-02
  0.2400630      4.1844845E-02
  0.2455190      4.1202903E-02
  0.2509750      3.8983703E-02
  0.2564310      3.7096620E-02
  0.2618870      3.7076831E-02
  0.2673430      3.8267255E-02
  0.2727980      3.9906263E-02
  0.2782540      3.8728595E-02
  0.2837100      3.6261559E-02
  0.2891660      3.5334229E-02
  0.2946220      3.7563324E-02
  0.3000780      4.0760875E-02
  0.3055340      4.2452574E-02
  0.3109900      4.1713476E-02
  0.3164460      3.9217234E-02
  0.3219020      3.7665129E-02
  0.3273580      3.8543582E-02
  0.3328140      4.0137768E-02
  0.3382700      4.0825486E-02
  0.3437260      4.0566564E-02
  0.3491820      4.0071249E-02
  0.3546380      3.9256096E-02
  0.3600940      3.7714124E-02
  0.3655500      3.5825610E-02
  0.3710060      3.3885360E-02
  0.3764620      3.1599998E-02
  0.3819180      2.8742671E-02
  0.3873740      2.6214361E-02
  0.3928300      2.5236845E-02
  0.3982860      2.6235461E-02
  0.4037420      2.8618336E-02
  0.4091980      3.1847119E-02
  0.4146540      3.5099387E-02
  0.4201100      3.7618756E-02
  0.4255660      3.8830757E-02
  0.4310220      3.8772106E-02
  0.4364780      3.7555099E-02
  0.4419340      3.5030961E-02
  0.4473900      3.1285048E-02
  0.4528460      2.7434945E-02
  0.4583010      2.5077343E-02
  0.4637570      2.5042653E-02
  0.4692130      2.6805997E-02
  0.4746690      2.9098868E-02
  0.4801250      3.0461073E-02
  0.4855810      2.9925227E-02
  0.4910370      2.7456522E-02
  0.4964930      2.4291515E-02
  0.5019490      2.2596240E-02
  0.5074050      2.3372650E-02
  0.5128610      2.5613666E-02
  0.5183170      2.7845979E-02
  0.5237730      2.9021740E-02
  0.5292290      2.8856039E-02
  0.5346850      2.7583003E-02
  0.5401410      2.5786996E-02
  0.5455970      2.4254084E-02
  0.5510530      2.3303747E-02
  0.5565090      2.2770524E-02
  0.5619650      2.2089720E-02
  0.5674210      2.1114230E-02
  0.5728770      2.0292401E-02
  0.5783330      2.0275831E-02
  0.5837890      2.1269202E-02
  0.5892450      2.3234606E-02
  0.5947010      2.5464058E-02
  0.6001570      2.7078748E-02
  0.6056130      2.7569532E-02
  0.6110690      2.6626706E-02
  0.6165250      2.5161028E-02
  0.6219810      2.4064302E-02
  0.6274370      2.3486614E-02
  0.6328930      2.3015857E-02
  0.6383480      2.2373080E-02
  0.6438040      2.1703124E-02
  0.6492600      2.1248698E-02
  0.6547160      2.0885229E-02
  0.6601720      2.0673156E-02
  0.6656280      2.1011591E-02
  0.6710840      2.1801114E-02
  0.6765400      2.3228765E-02
  0.6819960      2.1269321E-02
  0.6874520      1.9517899E-02
  0.6929080      1.8105865E-02
  0.6983640      1.7688513E-02
  0.7038200      1.7984509E-02
  0.7092760      1.8444061E-02
  0.7147320      1.8969178E-02
  0.7201880      1.9636154E-02
  0.7256440      2.0434022E-02
  0.7311000      2.1219492E-02
  0.7365560      2.2152305E-02
  0.7420120      2.2370696E-02
  0.7474680      2.1570086E-02
  0.7529240      1.9948602E-02
  0.7583800      1.8364906E-02
  0.7638360      1.7737389E-02
  0.7692920      1.8068433E-02
  0.7747480      1.8659592E-02
  0.7802040      1.8521547E-02
  0.7856600      1.7426491E-02
  0.7911160      1.5930891E-02
  0.7965720      1.5035152E-02
  0.8020280      1.5576482E-02
  0.8074840      1.7053127E-02
  0.8129400      1.8743873E-02
  0.8183960      2.0152211E-02
  0.8238510      2.0999789E-02
  0.8293070      2.0895958E-02
  0.8347630      1.9845724E-02
  0.8402190      1.8565059E-02
  0.8456750      1.7834425E-02
