  0.2018710      5.6186080E-02
  0.2073270      5.4377198E-02
  0.2127830      4.9232006E-02
  0.2182390      5.0251007E-02
  0.2236950      5.5353403E-02
  0.2291510      5.6911826E-02
  0.2346070      5.4073572E-02
  0.2400630      4.8429847E-02
  0.2455190      4.2940974E-02
  0.2509750      4.0181637E-02
  0.2564310      4.0053248E-02
  0.2618870      4.2298913E-02
  0.2673430      4.6774983E-02
  0.2727980      5.3638577E-02
  0.2782540      5.8311939E-02
  0.2837100      5.8047295E-02
  0.2891660      5.1364779E-02
  0.2946220      4.3539762E-02
  0.3000780      3.9429426E-02
  0.3055340      3.9050341E-02
  0.3109900      3.9939284E-02
  0.3164460      4.0782571E-02
  0.3219020      4.1743755E-02
  0.3273580      4.3018341E-02
  0.3328140      4.4252038E-02
  0.3382700      4.5470357E-02
  0.3437260      4.6382070E-02
  0.3491820      4.7052979E-02
  0.3546380      4.7959566E-02
  0.3600940      4.8390627E-02
  0.3655500      4.7017097E-02
  0.3710060      4.3845773E-02
  0.3764620      4.0177345E-02
  0.3819180      3.7504315E-02
  0.3873740      3.5879493E-02
  0.3928300      3.4386754E-02
  0.3982860      3.3312082E-02
  0.4037420      3.2936215E-02
  0.4091980      3.2936335E-02
  0.4146540      3.2539487E-02
  0.4201100      3.1999350E-02
  0.4255660      3.1862020E-02
  0.4310220      3.2307267E-02
  0.4364780      3.2810926E-02
  0.4419340      3.2683849E-02
  0.4473900      3.1640172E-02
  0.4528460      3.0090332E-02
  0.4583010      2.8750896E-02
  0.4637570      2.8010726E-02
  0.4692130      2.7531862E-02
  0.4746690      2.6754022E-02
  0.4801250      2.5665164E-02
  0.4855810      2.4969459E-02
  0.4910370      2.5057793E-02
  0.4964930      2.5521994E-02
  0.5019490      2.5905371E-02
  0.5074050      2.5990367E-02
  0.5128610      2.5718331E-02
  0.5183170      2.5271654E-02
  0.5237730      2.4610639E-02
  0.5292290      2.3516893E-02
  0.5346850      2.1871090E-02
  0.5401410      2.0394206E-02
  0.5455970      2.0043731E-02
  0.5510530      2.1287560E-02
  0.5565090      2.3647904E-02
  0.5619650      2.5825620E-02
  0.5674210      2.6520014E-02
  0.5728770      2.5397420E-02
  0.5783330      2.3303747E-02
  0.5837890      2.1311402E-02
  0.5892450      2.0096183E-02
  0.5947010      1.9566298E-02
  0.6001570      1.9423485E-02
  0.6056130      1.9843102E-02
  0.6110690      2.0726204E-02
  0.6165250      2.1920204E-02
  0.6219810      2.2907615E-02
  0.6274370      2.3035645E-02
  0.6328930      2.2309780E-02
  0.6383480      2.1328568E-02
  0.6438040      2.0605803E-02
  0.6492600      2.0310283E-02
  0.6547160      2.0324230E-02
  0.6601720      2.0791054E-02
  0.6656280      2.1583796E-02
  0.6710840      2.2159219E-02
  0.6765400      2.3122668E-02
  0.6819960      2.1722198E-02
  0.6874520      2.1646261E-02
  0.6929080      2.2256970E-02
  0.6983640      2.2952080E-02
  0.7038200      2.2715688E-02
  0.7092760      2.1365523E-02
  0.7147320      1.9840598E-02
  0.7201880      1.8993855E-02
  0.7256440      1.8721223E-02
  0.7311000      1.8491507E-02
  0.7365560      1.8345118E-02
  0.7420120      1.8013597E-02
  0.7474680      1.7736077E-02
  0.7529240      1.7591596E-02
  0.7583800      1.7497301E-02
  0.7638360      1.7410398E-02
  0.7692920      1.7223716E-02
  0.7747480      1.6876817E-02
  0.7802040      1.6293049E-02
  0.7856600      1.5824080E-02
  0.7911160      1.5835524E-02
  0.7965720      1.6223788E-02
  0.8020280      1.6700983E-02
  0.8074840      1.6693354E-02
  0.8129400      1.6410470E-02
  0.8183960      1.6209960E-02
  0.8238510      1.6336322E-02
  0.8293070      1.6856551E-02
  0.8347630      1.7667532E-02
  0.8402190      1.8534899E-02
  0.8456750      1.9032121E-02
