  0.2018710      5.4696679E-02
  0.2073270      5.0207257E-02
  0.2127830      4.6899796E-02
  0.2182390      4.6514750E-02
  0.2236950      4.6225190E-02
  0.2291510      4.3800235E-02
  0.2346070      4.1412592E-02
  0.2400630      4.1650295E-02
  0.2455190      4.5047164E-02
  0.2509750      4.7324181E-02
  0.2564310      4.5391321E-02
  0.2618870      4.2076588E-02
  0.2673430      4.0272951E-02
  0.2727980      4.1062951E-02
  0.2782540      4.2455196E-02
  0.2837100      4.4279695E-02
  0.2891660      4.4658780E-02
  0.2946220      4.3241978E-02
  0.3000780      4.0996552E-02
  0.3055340      3.8954616E-02
  0.3109900      3.7184954E-02
  0.3164460      3.5752058E-02
  0.3219020      3.5734057E-02
  0.3273580      3.7559271E-02
  0.3328140      3.9060593E-02
  0.3382700      3.7976623E-02
  0.3437260      3.3558369E-02
  0.3491820      2.8708100E-02
  0.3546380      2.7693629E-02
  0.3600940      3.1525850E-02
  0.3655500      3.7301660E-02
  0.3710060      4.1232705E-02
  0.3764620      4.1583776E-02
  0.3819180      3.9010525E-02
  0.3873740      3.5468698E-02
  0.3928300      3.2113433E-02
  0.3982860      3.0091643E-02
  0.4037420      2.9882789E-02
  0.4091980      3.1333327E-02
  0.4146540      3.3097744E-02
  0.4201100      3.4221888E-02
  0.4255660      3.4367681E-02
  0.4310220      3.4005046E-02
  0.4364780      3.3572435E-02
  0.4419340      3.3135533E-02
  0.4473900      3.2441378E-02
  0.4528460      3.1861544E-02
  0.4583010      3.2515168E-02
  0.4637570      3.4861803E-02
  0.4692130      3.7407160E-02
  0.4746690      3.7900329E-02
  0.4801250      3.5691857E-02
  0.4855810      3.2713056E-02
  0.4910370      3.1401277E-02
  0.4964930      3.1711459E-02
  0.5019490      3.1625986E-02
  0.5074050      2.9902577E-02
  0.5128610      2.7591228E-02
  0.5183170      2.6537776E-02
  0.5237730      2.6790500E-02
  0.5292290      2.6902080E-02
  0.5346850      2.5589466E-02
  0.5401410      2.3265600E-02
  0.5455970      2.1317005E-02
  0.5510530      2.0535350E-02
  0.5565090      2.0875335E-02
  0.5619650      2.1951795E-02
  0.5674210      2.3604155E-02
  0.5728770      2.5499225E-02
  0.5783330      2.6944757E-02
  0.5837890      2.7144074E-02
  0.5892450      2.5956988E-02
  0.5947010      2.3669362E-02
  0.6001570      2.1090269E-02
  0.6056130      1.9396663E-02
  0.6110690      1.8976569E-02
  0.6165250      1.9849300E-02
  0.6219810      2.1534085E-02
  0.6274370      2.3179173E-02
  0.6328930      2.4034500E-02
  0.6383480      2.3862481E-02
  0.6438040      2.3135066E-02
  0.6492600      2.2581458E-02
  0.6547160      2.2114396E-02
  0.6601720      2.1412969E-02
  0.6656280      2.0645976E-02
  0.6710840      2.0423889E-02
  0.6765400      2.2007823E-02
  0.6819960      2.2101402E-02
  0.6874520      2.2866964E-02
  0.6929080      2.2718549E-02
  0.6983640      2.1418691E-02
  0.7038200      1.9306660E-02
  0.7092760      1.7277956E-02
  0.7147320      1.6303062E-02
  0.7201880      1.6552925E-02
  0.7256440      1.7450571E-02
  0.7311000      1.8354774E-02
  0.7365560      1.9218564E-02
  0.7420120      1.9543290E-02
  0.7474680      1.9266844E-02
  0.7529240      1.8388033E-02
  0.7583800      1.7133236E-02
  0.7638360      1.6031861E-02
  0.7692920      1.5690684E-02
  0.7747480      1.6336203E-02
  0.7802040      1.7464995E-02
  0.7856600      1.8547654E-02
  0.7911160      1.9377470E-02
  0.7965720      1.9961119E-02
  0.8020280      2.0348072E-02
  0.8074840      2.0027876E-02
  0.8129400      1.9300938E-02
  0.8183960      1.8822193E-02
  0.8238510      1.9003987E-02
  0.8293070      1.9422770E-02
  0.8347630      1.9226313E-02
  0.8402190      1.8218517E-02
  0.8456750      1.7071486E-02
