  0.2018710      5.0370693E-02
  0.2073270      4.7443271E-02
  0.2127830      4.0338755E-02
  0.2182390      4.0630102E-02
  0.2236950      4.5813441E-02
  0.2291510      4.7684550E-02
  0.2346070      4.8247337E-02
  0.2400630      4.8976779E-02
  0.2455190      4.9184442E-02
  0.2509750      4.8092246E-02
  0.2564310      4.7039986E-02
  0.2618870      4.7884226E-02
  0.2673430      4.8983574E-02
  0.2727980      4.7914505E-02
  0.2782540      4.1785240E-02
  0.2837100      3.6048770E-02
  0.2891660      3.5657287E-02
  0.2946220      4.0063620E-02
  0.3000780      4.4939756E-02
  0.3055340      4.7127843E-02
  0.3109900      4.5790553E-02
  0.3164460      4.3433189E-02
  0.3219020      4.3169498E-02
  0.3273580      4.4275165E-02
  0.3328140      4.3637395E-02
  0.3382700      4.1242957E-02
  0.3437260      3.9153099E-02
  0.3491820      3.8610339E-02
  0.3546380      3.8314939E-02
  0.3600940      3.6696672E-02
  0.3655500      3.4575820E-02
  0.3710060      3.3086300E-02
  0.3764620      3.2196045E-02
  0.3819180      3.1285167E-02
  0.3873740      3.0282617E-02
  0.3928300      2.9981375E-02
  0.3982860      3.2055378E-02
  0.4037420      3.6165476E-02
  0.4091980      4.0223360E-02
  0.4146540      4.1764975E-02
  0.4201100      4.0765047E-02
  0.4255660      3.8545609E-02
  0.4310220      3.7009597E-02
  0.4364780      3.6984682E-02
  0.4419340      3.8245916E-02
  0.4473900      3.9587498E-02
  0.4528460      3.9830208E-02
  0.4583010      3.8643241E-02
  0.4637570      3.6548615E-02
  0.4692130      3.4163356E-02
  0.4746690      3.1525135E-02
  0.4801250      2.8434753E-02
  0.4855810      2.5327086E-02
  0.4910370      2.3098588E-02
  0.4964930      2.2056699E-02
  0.5019490      2.1952510E-02
  0.5074050      2.2374749E-02
  0.5128610      2.3000836E-02
  0.5183170      2.3742080E-02
  0.5237730      2.4415612E-02
  0.5292290      2.5208831E-02
  0.5346850      2.6414871E-02
  0.5401410      2.7845621E-02
  0.5455970      2.8692722E-02
  0.5510530      2.8229237E-02
  0.5565090      2.6713610E-02
  0.5619650      2.5033832E-02
  0.5674210      2.3941636E-02
  0.5728770      2.3856521E-02
  0.5783330      2.4736047E-02
  0.5837890      2.5830388E-02
  0.5892450      2.6348352E-02
  0.5947010      2.5750995E-02
  0.6001570      2.4435163E-02
  0.6056130      2.3635983E-02
  0.6110690      2.3703098E-02
  0.6165250      2.4272680E-02
  0.6219810      2.4321675E-02
  0.6274370      2.3379087E-02
  0.6328930      2.2085547E-02
  0.6383480      2.1082878E-02
  0.6438040      2.0328999E-02
  0.6492600      1.9692421E-02
  0.6547160      1.9317508E-02
  0.6601720      1.9294977E-02
  0.6656280      1.9366264E-02
  0.6710840      1.9288659E-02
  0.6765400      2.0197153E-02
  0.6819960      1.9520283E-02
  0.6874520      1.9750834E-02
  0.6929080      1.9528747E-02
  0.6983640      1.8940210E-02
  0.7038200      1.8403888E-02
  0.7092760      1.8199801E-02
  0.7147320      1.8273473E-02
  0.7201880      1.8457055E-02
  0.7256440      1.8702865E-02
  0.7311000      1.9191980E-02
  0.7365560      2.0322442E-02
  0.7420120      2.1373153E-02
  0.7474680      2.1890640E-02
  0.7529240      2.1763444E-02
  0.7583800      2.1397710E-02
  0.7638360      2.1244764E-02
  0.7692920      2.1220446E-02
  0.7747480      2.1152616E-02
  0.7802040      2.0928025E-02
  0.7856600      2.0889282E-02
  0.7911160      2.1072030E-02
  0.7965720      2.1064639E-02
  0.8020280      2.0800829E-02
  0.8074840      2.0214081E-02
  0.8129400      1.9696474E-02
  0.8183960      1.9288778E-02
  0.8238510      1.8769503E-02
  0.8293070      1.7977357E-02
  0.8347630      1.7059684E-02
  0.8402190      1.6222239E-02
  0.8456750      1.5477657E-02
