  0.2018710      4.7967553E-02
  0.2073270      5.0442696E-02
  0.2127830      5.3905249E-02
  0.2182390      5.6445718E-02
  0.2236950      5.6296110E-02
  0.2291510      5.4182529E-02
  0.2346070      5.0913453E-02
  0.2400630      4.6489596E-02
  0.2455190      4.1668415E-02
  0.2509750      3.9161205E-02
  0.2564310      4.0134311E-02
  0.2618870      4.2563438E-02
  0.2673430      4.4002533E-02
  0.2727980      4.4662356E-02
  0.2782540      4.3834090E-02
  0.2837100      4.3189764E-02
  0.2891660      4.2664766E-02
  0.2946220      4.2030692E-02
  0.3000780      4.1599154E-02
  0.3055340      4.1841030E-02
  0.3109900      4.2855859E-02
  0.3164460      4.3611526E-02
  0.3219020      4.3113828E-02
  0.3273580      4.1197181E-02
  0.3328140      3.8795590E-02
  0.3382700      3.7623763E-02
  0.3437260      3.8141012E-02
  0.3491820      3.9536476E-02
  0.3546380      4.0331364E-02
  0.3600940      3.9602041E-02
  0.3655500      3.7596583E-02
  0.3710060      3.4627914E-02
  0.3764620      3.0891299E-02
  0.3819180      2.7630329E-02
  0.3873740      2.6473880E-02
  0.3928300      2.7597308E-02
  0.3982860      3.0217409E-02
  0.4037420      3.3249497E-02
  0.4091980      3.6148310E-02
  0.4146540      3.8199782E-02
  0.4201100      3.9313197E-02
  0.4255660      3.9072633E-02
  0.4310220      3.7461400E-02
  0.4364780      3.4933686E-02
  0.4419340      3.2667398E-02
  0.4473900      3.1249523E-02
  0.4528460      3.0530572E-02
  0.4583010      2.9777527E-02
  0.4637570      2.8627753E-02
  0.4692130      2.7443290E-02
  0.4746690      2.7002692E-02
  0.4801250      2.7221203E-02
  0.4855810      2.7113199E-02
  0.4910370      2.5903940E-02
  0.4964930      2.3810506E-02
  0.5019490      2.2175789E-02
  0.5074050      2.1945357E-02
  0.5128610      2.3089647E-02
  0.5183170      2.4845719E-02
  0.5237730      2.6029229E-02
  0.5292290      2.5863886E-02
  0.5346850      2.4766564E-02
  0.5401410      2.3800969E-02
  0.5455970      2.3334384E-02
  0.5510530      2.3023725E-02
  0.5565090      2.3080468E-02
  0.5619650      2.4149537E-02
  0.5674210      2.6360154E-02
  0.5728770      2.8649807E-02
  0.5783330      2.9580593E-02
  0.5837890      2.8486371E-02
  0.5892450      2.6276588E-02
  0.5947010      2.4333358E-02
  0.6001570      2.3375750E-02
  0.6056130      2.2875905E-02
  0.6110690      2.1517396E-02
  0.6165250      1.9360542E-02
  0.6219810      1.7662644E-02
  0.6274370      1.7400980E-02
  0.6328930      1.8524289E-02
  0.6383480      2.0460367E-02
  0.6438040      2.2634506E-02
  0.6492600      2.4695396E-02
  0.6547160      2.6144981E-02
  0.6601720      2.6610732E-02
  0.6656280      2.5945187E-02
  0.6710840      2.4384618E-02
  0.6765400      2.3575425E-02
  0.6819960      2.0994663E-02
  0.6874520      1.9865155E-02
  0.6929080      1.8912673E-02
  0.6983640      1.8075109E-02
  0.7038200      1.7547965E-02
  0.7092760      1.7410636E-02
  0.7147320      1.7393112E-02
  0.7201880      1.7313957E-02
  0.7256440      1.7127991E-02
  0.7311000      1.6842723E-02
  0.7365560      1.6826153E-02
  0.7420120      1.6886830E-02
  0.7474680      1.7180085E-02
  0.7529240      1.7344117E-02
  0.7583800      1.6939759E-02
  0.7638360      1.6092777E-02
  0.7692920      1.5300632E-02
  0.7747480      1.5004992E-02
  0.7802040      1.5235066E-02
  0.7856600      1.5909910E-02
  0.7911160      1.6798854E-02
  0.7965720      1.7470241E-02
  0.8020280      1.7809153E-02
  0.8074840      1.7482042E-02
  0.8129400      1.6691685E-02
  0.8183960      1.5703201E-02
  0.8238510      1.4836431E-02
  0.8293070      1.4384151E-02
  0.8347630      1.4538169E-02
  0.8402190      1.5081525E-02
  0.8456750      1.5428543E-02
