  0.2018710      6.3398242E-02
  0.2073270      6.2293291E-02
  0.2127830      5.5537462E-02
  0.2182390      5.2706122E-02
  0.2236950      5.3673148E-02
  0.2291510      5.1707149E-02
  0.2346070      4.7536135E-02
  0.2400630      4.3638349E-02
  0.2455190      4.2158246E-02
  0.2509750      4.2634249E-02
  0.2564310      4.3133020E-02
  0.2618870      4.3518066E-02
  0.2673430      4.3391824E-02
  0.2727980      4.2998910E-02
  0.2782540      4.0925026E-02
  0.2837100      4.0154576E-02
  0.2891660      4.1588783E-02
  0.2946220      4.3087006E-02
  0.3000780      4.3065310E-02
  0.3055340      4.3003678E-02
  0.3109900      4.4615149E-02
  0.3164460      4.6760440E-02
  0.3219020      4.6921134E-02
  0.3273580      4.4899821E-02
  0.3328140      4.2302728E-02
  0.3382700      4.0547132E-02
  0.3437260      3.8765788E-02
  0.3491820      3.6359429E-02
  0.3546380      3.4442425E-02
  0.3600940      3.4238458E-02
  0.3655500      3.5604835E-02
  0.3710060      3.7076235E-02
  0.3764620      3.8048983E-02
  0.3819180      3.9216518E-02
  0.3873740      4.1301250E-02
  0.3928300      4.3095589E-02
  0.3982860      4.3186426E-02
  0.4037420      4.0898800E-02
  0.4091980      3.7144303E-02
  0.4146540      3.2973051E-02
  0.4201100      2.9628277E-02
  0.4255660      2.7894735E-02
  0.4310220      2.8224826E-02
  0.4364780      3.0361772E-02
  0.4419340      3.3640265E-02
  0.4473900      3.7167430E-02
  0.4528460      3.9885640E-02
  0.4583010      4.0662408E-02
  0.4637570      3.9021254E-02
  0.4692130      3.5616994E-02
  0.4746690      3.1787038E-02
  0.4801250      2.8352141E-02
  0.4855810      2.5680780E-02
  0.4910370      2.4021626E-02
  0.4964930      2.3261905E-02
  0.5019490      2.2995591E-02
  0.5074050      2.2924900E-02
  0.5128610      2.3361325E-02
  0.5183170      2.5175691E-02
  0.5237730      2.8620839E-02
  0.5292290      3.2602072E-02
  0.5346850      3.4986377E-02
  0.5401410      3.4551024E-02
  0.5455970      3.1965733E-02
  0.5510530      2.8994322E-02
  0.5565090      2.6979327E-02
  0.5619650      2.5846601E-02
  0.5674210      2.5115132E-02
  0.5728770      2.4835229E-02
  0.5783330      2.5301576E-02
  0.5837890      2.6092172E-02
  0.5892450      2.6457906E-02
  0.5947010      2.5701523E-02
  0.6001570      2.4230957E-02
  0.6056130      2.3347139E-02
  0.6110690      2.3114920E-02
  0.6165250      2.2776365E-02
  0.6219810      2.1996975E-02
  0.6274370      2.1470428E-02
  0.6328930      2.2063375E-02
  0.6383480      2.3405194E-02
  0.6438040      2.4467230E-02
  0.6492600      2.5042415E-02
  0.6547160      2.5514483E-02
  0.6601720      2.5959015E-02
  0.6656280      2.5908113E-02
  0.6710840      2.5226116E-02
  0.6765400      2.5492907E-02
  0.6819960      2.3230910E-02
  0.6874520      2.1661878E-02
  0.6929080      1.9840121E-02
  0.6983640      1.8835425E-02
  0.7038200      1.9227982E-02
  0.7092760      2.0420432E-02
  0.7147320      2.1339417E-02
  0.7201880      2.1265984E-02
  0.7256440      2.0220518E-02
  0.7311000      1.8812776E-02
  0.7365560      1.8225789E-02
  0.7420120      1.8578649E-02
  0.7474680      1.9558430E-02
  0.7529240      2.0366907E-02
  0.7583800      2.0508051E-02
  0.7638360      2.0191073E-02
  0.7692920      1.9773245E-02
  0.7747480      1.9269466E-02
  0.7802040      1.8359780E-02
  0.7856600      1.7336965E-02
  0.7911160      1.6789913E-02
  0.7965720      1.6813040E-02
  0.8020280      1.7066002E-02
  0.8074840      1.7049670E-02
  0.8129400      1.7191410E-02
  0.8183960      1.7867684E-02
  0.8238510      1.8880844E-02
  0.8293070      1.9659758E-02
  0.8347630      1.9759893E-02
  0.8402190      1.9097805E-02
  0.8456750      1.7698169E-02
