  0.2018710      4.4371128E-02
  0.2073270      5.0635338E-02
  0.2127830      5.7850003E-02
  0.2182390      6.3935280E-02
  0.2236950      6.3903093E-02
  0.2291510      5.7297587E-02
  0.2346070      4.8926711E-02
  0.2400630      4.2435408E-02
  0.2455190      3.9114714E-02
  0.2509750      3.8824081E-02
  0.2564310      4.1528702E-02
  0.2618870      4.5399427E-02
  0.2673430      4.7238111E-02
  0.2727980      4.7880530E-02
  0.2782540      4.9556613E-02
  0.2837100      5.6215525E-02
  0.2891660      6.4427495E-02
  0.2946220      6.9035053E-02
  0.3000780      6.8561792E-02
  0.3055340      6.4278007E-02
  0.3109900      5.7988644E-02
  0.3164460      5.0883412E-02
  0.3219020      4.4638395E-02
  0.3273580      4.0617228E-02
  0.3328140      3.8498163E-02
  0.3382700      3.7204981E-02
  0.3437260      3.5709858E-02
  0.3491820      3.4250259E-02
  0.3546380      3.4224749E-02
  0.3600940      3.5493255E-02
  0.3655500      3.6231995E-02
  0.3710060      3.4969926E-02
  0.3764620      3.2389879E-02
  0.3819180      3.0392766E-02
  0.3873740      2.9869080E-02
  0.3928300      3.0044198E-02
  0.3982860      2.9995561E-02
  0.4037420      2.9888988E-02
  0.4091980      3.0567527E-02
  0.4146540      3.2042503E-02
  0.4201100      3.3491254E-02
  0.4255660      3.3966780E-02
  0.4310220      3.4098506E-02
  0.4364780      3.4838915E-02
  0.4419340      3.6215663E-02
  0.4473900      3.6914825E-02
  0.4528460      3.6029696E-02
  0.4583010      3.3882737E-02
  0.4637570      3.1584024E-02
  0.4692130      2.9826999E-02
  0.4746690      2.8648019E-02
  0.4801250      2.7693510E-02
  0.4855810      2.6748776E-02
  0.4910370      2.6131153E-02
  0.4964930      2.6051641E-02
  0.5019490      2.6518822E-02
  0.5074050      2.7003169E-02
  0.5128610      2.7124047E-02
  0.5183170      2.7256370E-02
  0.5237730      2.7481675E-02
  0.5292290      2.7256012E-02
  0.5346850      2.5919437E-02
  0.5401410      2.4063706E-02
  0.5455970      2.3045778E-02
  0.5510530      2.3359776E-02
  0.5565090      2.4327278E-02
  0.5619650      2.4998546E-02
  0.5674210      2.5241017E-02
  0.5728770      2.5578022E-02
  0.5783330      2.6308775E-02
  0.5837890      2.6993036E-02
  0.5892450      2.7032495E-02
  0.5947010      2.6036382E-02
  0.6001570      2.4264693E-02
  0.6056130      2.2681475E-02
  0.6110690      2.1733522E-02
  0.6165250      2.1619439E-02
  0.6219810      2.1963596E-02
  0.6274370      2.2027493E-02
  0.6328930      2.1397233E-02
  0.6383480      2.0477176E-02
  0.6438040      2.0080090E-02
  0.6492600      2.0657301E-02
  0.6547160      2.1540880E-02
  0.6601720      2.1732688E-02
  0.6656280      2.0879745E-02
  0.6710840      1.9521952E-02
  0.6765400      1.9384742E-02
  0.6819960      1.8455386E-02
  0.6874520      1.9040227E-02
  0.6929080      1.9555092E-02
  0.6983640      1.9362092E-02
  0.7038200      1.8355489E-02
  0.7092760      1.7102718E-02
  0.7147320      1.6481280E-02
  0.7201880      1.6887188E-02
  0.7256440      1.7749667E-02
  0.7311000      1.7995358E-02
  0.7365560      1.7574906E-02
  0.7420120      1.6774774E-02
  0.7474680      1.6589284E-02
  0.7529240      1.7145872E-02
  0.7583800      1.7840862E-02
  0.7638360      1.8166661E-02
  0.7692920      1.7950535E-02
  0.7747480      1.7391443E-02
  0.7802040      1.6671896E-02
  0.7856600      1.6288042E-02
  0.7911160      1.6531110E-02
  0.7965720      1.7205954E-02
  0.8020280      1.7995119E-02
  0.8074840      1.8149495E-02
  0.8129400      1.7554879E-02
  0.8183960      1.6545773E-02
  0.8238510      1.5652657E-02
  0.8293070      1.5200734E-02
  0.8347630      1.5172482E-02
  0.8402190      1.5222669E-02
  0.8456750      1.4952183E-02
