  0.2018710      4.6694517E-02
  0.2073270      4.7580957E-02
  0.2127830      4.6926498E-02
  0.2182390      4.8208356E-02
  0.2236950      4.7691345E-02
  0.2291510      4.4432163E-02
  0.2346070      4.1891098E-02
  0.2400630      4.1569948E-02
  0.2455190      4.2676330E-02
  0.2509750      4.4164300E-02
  0.2564310      4.5362711E-02
  0.2618870      4.6047568E-02
  0.2673430      4.5843005E-02
  0.2727980      4.4716239E-02
  0.2782540      4.0670633E-02
  0.2837100      3.5421848E-02
  0.2891660      3.1642199E-02
  0.2946220      3.1185746E-02
  0.3000780      3.2951474E-02
  0.3055340      3.5416961E-02
  0.3109900      3.7732720E-02
  0.3164460      3.9469957E-02
  0.3219020      4.0092587E-02
  0.3273580      3.9339542E-02
  0.3328140      3.7258506E-02
  0.3382700      3.5216451E-02
  0.3437260      3.4397125E-02
  0.3491820      3.5402775E-02
  0.3546380      3.8046122E-02
  0.3600940      4.0378571E-02
  0.3655500      4.0656924E-02
  0.3710060      3.8443446E-02
  0.3764620      3.4782767E-02
  0.3819180      3.1344652E-02
  0.3873740      2.9611826E-02
  0.3928300      3.0049443E-02
  0.3982860      3.2280087E-02
  0.4037420      3.4328222E-02
  0.4091980      3.4535885E-02
  0.4146540      3.2788396E-02
  0.4201100      3.0591726E-02
  0.4255660      2.9044032E-02
  0.4310220      2.8212190E-02
  0.4364780      2.7960420E-02
  0.4419340      2.8603077E-02
  0.4473900      2.9925346E-02
  0.4528460      3.0690908E-02
  0.4583010      2.9916167E-02
  0.4637570      2.8059483E-02
  0.4692130      2.6483655E-02
  0.4746690      2.5913715E-02
  0.4801250      2.6035309E-02
  0.4855810      2.6308417E-02
  0.4910370      2.6404142E-02
  0.4964930      2.5931358E-02
  0.5019490      2.4869204E-02
  0.5074050      2.3638844E-02
  0.5128610      2.2652745E-02
  0.5183170      2.2165656E-02
  0.5237730      2.2284627E-02
  0.5292290      2.3396969E-02
  0.5346850      2.5516510E-02
  0.5401410      2.7801037E-02
  0.5455970      2.9202819E-02
  0.5510530      2.9083133E-02
  0.5565090      2.7570963E-02
  0.5619650      2.4955153E-02
  0.5674210      2.1931529E-02
  0.5728770      1.9651294E-02
  0.5783330      1.8972754E-02
  0.5837890      1.9578815E-02
  0.5892450      2.0459890E-02
  0.5947010      2.0709276E-02
  0.6001570      2.0398974E-02
  0.6056130      2.0419002E-02
  0.6110690      2.1145344E-02
  0.6165250      2.2359967E-02
  0.6219810      2.3170829E-02
  0.6274370      2.2822142E-02
  0.6328930      2.1408796E-02
  0.6383480      1.9717336E-02
  0.6438040      1.8603444E-02
  0.6492600      1.8667340E-02
  0.6547160      1.9685745E-02
  0.6601720      2.0796180E-02
  0.6656280      2.1171212E-02
  0.6710840      2.0898342E-02
  0.6765400      2.1569967E-02
  0.6819960      2.0513177E-02
  0.6874520      2.0455360E-02
  0.6929080      2.0528078E-02
  0.6983640      2.1175623E-02
  0.7038200      2.2321701E-02
  0.7092760      2.3329735E-02
  0.7147320      2.3488879E-02
  0.7201880      2.2455215E-02
  0.7256440      2.0576477E-02
  0.7311000      1.8758893E-02
  0.7365560      1.7935157E-02
  0.7420120      1.7388105E-02
  0.7474680      1.6597271E-02
  0.7529240      1.5734911E-02
  0.7583800      1.5478373E-02
  0.7638360      1.6149879E-02
  0.7692920      1.7394781E-02
  0.7747480      1.8621206E-02
  0.7802040      1.9222021E-02
  0.7856600      1.9062877E-02
  0.7911160      1.8397212E-02
  0.7965720      1.7660379E-02
  0.8020280      1.7216802E-02
  0.8074840      1.6527534E-02
  0.8129400      1.5436769E-02
  0.8183960      1.4489174E-02
  0.8238510      1.4397740E-02
  0.8293070      1.5202641E-02
  0.8347630      1.6335011E-02
  0.8402190      1.7198443E-02
  0.8456750      1.7317891E-02
