  0.2018710      4.1174531E-02
  0.2073270      3.8652778E-02
  0.2127830      3.7831426E-02
  0.2182390      4.0303469E-02
  0.2236950      4.3671250E-02
  0.2291510      4.5627713E-02
  0.2346070      4.7278404E-02
  0.2400630      4.9417853E-02
  0.2455190      5.0774574E-02
  0.2509750      4.9968839E-02
  0.2564310      4.7160625E-02
  0.2618870      4.3807864E-02
  0.2673430      4.0738702E-02
  0.2727980      3.9582133E-02
  0.2782540      3.9390445E-02
  0.2837100      4.0359616E-02
  0.2891660      4.0159583E-02
  0.2946220      3.7706614E-02
  0.3000780      3.4509301E-02
  0.3055340      3.2475352E-02
  0.3109900      3.2209396E-02
  0.3164460      3.3287406E-02
  0.3219020      3.5160422E-02
  0.3273580      3.7249565E-02
  0.3328140      3.8564801E-02
  0.3382700      3.8996458E-02
  0.3437260      3.8610339E-02
  0.3491820      3.7142754E-02
  0.3546380      3.4401298E-02
  0.3600940      3.1129837E-02
  0.3655500      2.9687047E-02
  0.3710060      3.0777693E-02
  0.3764620      3.2566786E-02
  0.3819180      3.3128738E-02
  0.3873740      3.2458663E-02
  0.3928300      3.1459451E-02
  0.3982860      3.1186938E-02
  0.4037420      3.1808972E-02
  0.4091980      3.3014774E-02
  0.4146540      3.3649802E-02
  0.4201100      3.3295751E-02
  0.4255660      3.2283902E-02
  0.4310220      3.1451583E-02
  0.4364780      3.1097174E-02
  0.4419340      3.1028748E-02
  0.4473900      3.0837893E-02
  0.4528460      3.0328870E-02
  0.4583010      2.9510617E-02
  0.4637570      2.8650403E-02
  0.4692130      2.7953386E-02
  0.4746690      2.7360320E-02
  0.4801250      2.6631117E-02
  0.4855810      2.6053548E-02
  0.4910370      2.6349664E-02
  0.4964930      2.7575612E-02
  0.5019490      2.8864980E-02
  0.5074050      2.9026508E-02
  0.5128610      2.7733088E-02
  0.5183170      2.6030064E-02
  0.5237730      2.4976015E-02
  0.5292290      2.4787068E-02
  0.5346850      2.4919391E-02
  0.5401410      2.4857044E-02
  0.5455970      2.4450660E-02
  0.5510530      2.3786068E-02
  0.5565090      2.3137450E-02
  0.5619650      2.2518158E-02
  0.5674210      2.2014260E-02
  0.5728770      2.1819353E-02
  0.5783330      2.1978855E-02
  0.5837890      2.2101641E-02
  0.5892450      2.2027373E-02
  0.5947010      2.1552682E-02
  0.6001570      2.0515084E-02
  0.6056130      1.9214869E-02
  0.6110690      1.7984152E-02
  0.6165250      1.7647862E-02
  0.6219810      1.8584013E-02
  0.6274370      2.0458698E-02
  0.6328930      2.2604465E-02
  0.6383480      2.4380207E-02
  0.6438040      2.5496721E-02
  0.6492600      2.6248336E-02
  0.6547160      2.6992679E-02
  0.6601720      2.7795434E-02
  0.6656280      2.8037906E-02
  0.6710840      2.6861191E-02
  0.6765400      2.5587797E-02
  0.6819960      2.2215962E-02
  0.6874520      2.1496892E-02
  0.6929080      2.1827459E-02
  0.6983640      2.1802902E-02
  0.7038200      2.0742774E-02
  0.7092760      1.9326568E-02
  0.7147320      1.8442154E-02
  0.7201880      1.8230796E-02
  0.7256440      1.8294454E-02
  0.7311000      1.8412471E-02
  0.7365560      1.8726230E-02
  0.7420120      1.8515110E-02
  0.7474680      1.7805219E-02
  0.7529240      1.7082453E-02
  0.7583800      1.6998053E-02
  0.7638360      1.7786980E-02
  0.7692920      1.9066095E-02
  0.7747480      2.0183325E-02
  0.7802040      2.0251155E-02
  0.7856600      1.9055724E-02
  0.7911160      1.7229915E-02
  0.7965720      1.5767932E-02
  0.8020280      1.5340805E-02
  0.8074840      1.5529394E-02
  0.8129400      1.6145587E-02
  0.8183960      1.7160892E-02
  0.8238510      1.8404245E-02
  0.8293070      1.9505143E-02
  0.8347630      2.0304918E-02
  0.8402190      2.0769000E-02
  0.8456750      2.0721674E-02
