  0.2018710      6.0846925E-02
  0.2073270      5.6926131E-02
  0.2127830      4.6429396E-02
  0.2182390      3.6499977E-02
  0.2236950      3.6003590E-02
  0.2291510      4.1948199E-02
  0.2346070      4.9326062E-02
  0.2400630      5.5114031E-02
  0.2455190      5.7140231E-02
  0.2509750      5.4687262E-02
  0.2564310      5.1222205E-02
  0.2618870      4.9829125E-02
  0.2673430      4.9923778E-02
  0.2727980      5.0906181E-02
  0.2782540      5.0126553E-02
  0.2837100      4.8568487E-02
  0.2891660      4.5655966E-02
  0.2946220      4.1282296E-02
  0.3000780      3.6446810E-02
  0.3055340      3.2953620E-02
  0.3109900      3.1914830E-02
  0.3164460      3.2502294E-02
  0.3219020      3.2887578E-02
  0.3273580      3.1900406E-02
  0.3328140      3.0429244E-02
  0.3382700      3.0865073E-02
  0.3437260      3.4155130E-02
  0.3491820      3.8776040E-02
  0.3546380      4.1903734E-02
  0.3600940      4.1463852E-02
  0.3655500      3.7743688E-02
  0.3710060      3.2585740E-02
  0.3764620      2.7979851E-02
  0.3819180      2.5524497E-02
  0.3873740      2.5732875E-02
  0.3928300      2.7806163E-02
  0.3982860      3.1038404E-02
  0.4037420      3.4498811E-02
  0.4091980      3.6698580E-02
  0.4146540      3.6111236E-02
  0.4201100      3.3630729E-02
  0.4255660      3.1622171E-02
  0.4310220      3.1875968E-02
  0.4364780      3.3656836E-02
  0.4419340      3.5235643E-02
  0.4473900      3.5571575E-02
  0.4528460      3.4716368E-02
  0.4583010      3.3435106E-02
  0.4637570      3.2759070E-02
  0.4692130      3.3285141E-02
  0.4746690      3.4271479E-02
  0.4801250      3.4205914E-02
  0.4855810      3.2624364E-02
  0.4910370      3.0475616E-02
  0.4964930      2.8548360E-02
  0.5019490      2.7091742E-02
  0.5074050      2.5955319E-02
  0.5128610      2.4911404E-02
  0.5183170      2.3955703E-02
  0.5237730      2.2914410E-02
  0.5292290      2.1975636E-02
  0.5346850      2.1556139E-02
  0.5401410      2.2087574E-02
  0.5455970      2.3496151E-02
  0.5510530      2.4986982E-02
  0.5565090      2.5728703E-02
  0.5619650      2.5592208E-02
  0.5674210      2.5483608E-02
  0.5728770      2.6151419E-02
  0.5783330      2.7151108E-02
  0.5837890      2.7287722E-02
  0.5892450      2.6106834E-02
  0.5947010      2.3888111E-02
  0.6001570      2.1259665E-02
  0.6056130      1.8876672E-02
  0.6110690      1.7105937E-02
  0.6165250      1.6639471E-02
  0.6219810      1.7661333E-02
  0.6274370      1.9322872E-02
  0.6328930      2.0399094E-02
  0.6383480      2.0557523E-02
  0.6438040      2.0375609E-02
  0.6492600      2.0507932E-02
  0.6547160      2.0811319E-02
  0.6601720      2.0962477E-02
  0.6656280      2.0787239E-02
  0.6710840      2.0340323E-02
  0.6765400      2.0728946E-02
  0.6819960      1.9426942E-02
  0.6874520      1.9536018E-02
  0.6929080      1.9860506E-02
  0.6983640      1.9830585E-02
  0.7038200      1.9067526E-02
  0.7092760      1.7809629E-02
  0.7147320      1.6645670E-02
  0.7201880      1.5988827E-02
  0.7256440      1.5814185E-02
  0.7311000      1.5891910E-02
  0.7365560      1.6154289E-02
  0.7420120      1.6253233E-02
  0.7474680      1.6578555E-02
  0.7529240      1.7479062E-02
  0.7583800      1.8923998E-02
  0.7638360      2.0372629E-02
  0.7692920      2.1122813E-02
  0.7747480      2.0926356E-02
  0.7802040      1.9917369E-02
  0.7856600      1.8711567E-02
  0.7911160      1.7538786E-02
  0.7965720      1.6284943E-02
  0.8020280      1.5260100E-02
  0.8074840      1.4745235E-02
  0.8129400      1.5142560E-02
  0.8183960      1.6219854E-02
  0.8238510      1.7461419E-02
  0.8293070      1.8467307E-02
  0.8347630      1.9183874E-02
  0.8402190      1.9597888E-02
  0.8456750      1.9570708E-02
