  0.2018710      4.6448946E-02
  0.2073270      4.3418288E-02
  0.2127830      4.1700959E-02
  0.2182390      4.4314981E-02
  0.2236950      4.5038700E-02
  0.2291510      4.1949511E-02
  0.2346070      3.8512349E-02
  0.2400630      3.5886645E-02
  0.2455190      3.4415483E-02
  0.2509750      3.5331607E-02
  0.2564310      3.8708448E-02
  0.2618870      4.1524529E-02
  0.2673430      4.2077780E-02
  0.2727980      4.1516066E-02
  0.2782540      3.9969563E-02
  0.2837100      3.9312005E-02
  0.2891660      3.8969398E-02
  0.2946220      3.8282514E-02
  0.3000780      3.6558747E-02
  0.3055340      3.3651471E-02
  0.3109900      3.0582070E-02
  0.3164460      2.9612541E-02
  0.3219020      3.1759024E-02
  0.3273580      3.5628080E-02
  0.3328140      3.9366245E-02
  0.3382700      4.2629361E-02
  0.3437260      4.4213057E-02
  0.3491820      4.2745352E-02
  0.3546380      3.8745046E-02
  0.3600940      3.4547448E-02
  0.3655500      3.2356381E-02
  0.3710060      3.2281399E-02
  0.3764620      3.3136368E-02
  0.3819180      3.3433199E-02
  0.3873740      3.2460809E-02
  0.3928300      3.0544996E-02
  0.3982860      2.9040337E-02
  0.4037420      2.8118491E-02
  0.4091980      2.7418375E-02
  0.4146540      2.7279973E-02
  0.4201100      2.8903604E-02
  0.4255660      3.1830788E-02
  0.4310220      3.3882976E-02
  0.4364780      3.3589125E-02
  0.4419340      3.1797171E-02
  0.4473900      3.0419230E-02
  0.4528460      3.0541420E-02
  0.4583010      3.1739354E-02
  0.4637570      3.2673955E-02
  0.4692130      3.2083035E-02
  0.4746690      2.9944301E-02
  0.4801250      2.7658463E-02
  0.4855810      2.7057648E-02
  0.4910370      2.8744102E-02
  0.4964930      3.1285763E-02
  0.5019490      3.2987714E-02
  0.5074050      3.3241153E-02
  0.5128610      3.2627106E-02
  0.5183170      3.2222629E-02
  0.5237730      3.1974554E-02
  0.5292290      3.1033516E-02
  0.5346850      2.8991222E-02
  0.5401410      2.6710510E-02
  0.5455970      2.5441289E-02
  0.5510530      2.5601745E-02
  0.5565090      2.6967525E-02
  0.5619650      2.8484464E-02
  0.5674210      2.8884649E-02
  0.5728770      2.7784944E-02
  0.5783330      2.6258945E-02
  0.5837890      2.5745392E-02
  0.5892450      2.6639700E-02
  0.5947010      2.7757645E-02
  0.6001570      2.8008223E-02
  0.6056130      2.7506471E-02
  0.6110690      2.6341915E-02
  0.6165250      2.4815559E-02
  0.6219810      2.2982121E-02
  0.6274370      2.0930886E-02
  0.6328930      1.9265771E-02
  0.6383480      1.8586874E-02
  0.6438040      1.9009948E-02
  0.6492600      2.0183563E-02
  0.6547160      2.1635771E-02
  0.6601720      2.3186803E-02
  0.6656280      2.4451733E-02
  0.6710840      2.4736643E-02
  0.6765400      2.4619460E-02
  0.6819960      2.1160483E-02
  0.6874520      1.9063234E-02
  0.6929080      1.7938852E-02
  0.6983640      1.7397761E-02
  0.7038200      1.6656876E-02
  0.7092760      1.5575290E-02
  0.7147320      1.4702678E-02
  0.7201880      1.4445424E-02
  0.7256440      1.4816403E-02
  0.7311000      1.5572071E-02
  0.7365560      1.6608119E-02
  0.7420120      1.7147541E-02
  0.7474680      1.7109513E-02
  0.7529240      1.6617775E-02
  0.7583800      1.5983224E-02
  0.7638360      1.5656948E-02
  0.7692920      1.6145349E-02
  0.7747480      1.7546296E-02
  0.7802040      1.9074798E-02
  0.7856600      1.9965053E-02
  0.7911160      2.0061255E-02
  0.7965720      1.9755721E-02
  0.8020280      1.9630432E-02
  0.8074840      1.9377828E-02
  0.8129400      1.8768907E-02
  0.8183960      1.7722726E-02
  0.8238510      1.6569495E-02
  0.8293070      1.5802145E-02
  0.8347630      1.5507698E-02
  0.8402190      1.5422344E-02
  0.8456750      1.5302420E-02
