  0.2018710      6.7192554E-02
  0.2073270      5.4284930E-02
  0.2127830      4.3189764E-02
  0.2182390      4.0683270E-02
  0.2236950      4.3152452E-02
  0.2291510      4.4075370E-02
  0.2346070      4.3197751E-02
  0.2400630      4.2059064E-02
  0.2455190      4.0958166E-02
  0.2509750      4.0525794E-02
  0.2564310      4.1786075E-02
  0.2618870      4.4621706E-02
  0.2673430      4.6590328E-02
  0.2727980      4.6701193E-02
  0.2782540      4.4196248E-02
  0.2837100      4.3257594E-02
  0.2891660      4.4528365E-02
  0.2946220      4.5681119E-02
  0.3000780      4.5324683E-02
  0.3055340      4.4160485E-02
  0.3109900      4.2954445E-02
  0.3164460      4.1487098E-02
  0.3219020      4.0129304E-02
  0.3273580      3.9633393E-02
  0.3328140      3.9046884E-02
  0.3382700      3.7553787E-02
  0.3437260      3.4742594E-02
  0.3491820      3.1677246E-02
  0.3546380      3.0115247E-02
  0.3600940      3.0637145E-02
  0.3655500      3.1834006E-02
  0.3710060      3.1827450E-02
  0.3764620      3.0250311E-02
  0.3819180      2.8453946E-02
  0.3873740      2.7806044E-02
  0.3928300      2.8287649E-02
  0.3982860      2.9324293E-02
  0.4037420      3.0354619E-02
  0.4091980      3.1272054E-02
  0.4146540      3.2002330E-02
  0.4201100      3.2469392E-02
  0.4255660      3.1942129E-02
  0.4310220      3.0122399E-02
  0.4364780      2.7633548E-02
  0.4419340      2.5674462E-02
  0.4473900      2.4724483E-02
  0.4528460      2.4443626E-02
  0.4583010      2.4223328E-02
  0.4637570      2.4055481E-02
  0.4692130      2.4454236E-02
  0.4746690      2.5813818E-02
  0.4801250      2.7778864E-02
  0.4855810      2.9616714E-02
  0.4910370      3.0692935E-02
  0.4964930      3.0764699E-02
  0.5019490      3.0179739E-02
  0.5074050      2.9308915E-02
  0.5128610      2.8295517E-02
  0.5183170      2.7793527E-02
  0.5237730      2.8306007E-02
  0.5292290      2.9794574E-02
  0.5346850      3.1379700E-02
  0.5401410      3.2088041E-02
  0.5455970      3.1506300E-02
  0.5510530      2.9716492E-02
  0.5565090      2.7257919E-02
  0.5619650      2.4611115E-02
  0.5674210      2.2261739E-02
  0.5728770      2.0890713E-02
  0.5783330      2.0910859E-02
  0.5837890      2.1798730E-02
  0.5892450      2.2400379E-02
  0.5947010      2.1759748E-02
  0.6001570      2.0169258E-02
  0.6056130      1.8885493E-02
  0.6110690      1.8525362E-02
  0.6165250      1.9145250E-02
  0.6219810      2.0128012E-02
  0.6274370      2.0833492E-02
  0.6328930      2.1067023E-02
  0.6383480      2.1096587E-02
  0.6438040      2.0986557E-02
  0.6492600      2.0594001E-02
  0.6547160      1.9734502E-02
  0.6601720      1.8858433E-02
  0.6656280      1.8555164E-02
  0.6710840      1.9000053E-02
  0.6765400      2.0732641E-02
  0.6819960      2.0437360E-02
  0.6874520      2.0909429E-02
  0.6929080      2.1266580E-02
  0.6983640      2.1535993E-02
  0.7038200      2.1592140E-02
  0.7092760      2.1276236E-02
  0.7147320      2.0730734E-02
  0.7201880      2.0304322E-02
  0.7256440      2.0015717E-02
  0.7311000      1.9484282E-02
  0.7365560      1.8840313E-02
  0.7420120      1.7919779E-02
  0.7474680      1.7248631E-02
  0.7529240      1.7006874E-02
  0.7583800      1.7111301E-02
  0.7638360      1.7426372E-02
  0.7692920      1.7792463E-02
  0.7747480      1.8093109E-02
  0.7802040      1.8275499E-02
  0.7856600      1.8713355E-02
  0.7911160      1.9547105E-02
  0.7965720      2.0193458E-02
  0.8020280      2.0008326E-02
  0.8074840      1.8374324E-02
  0.8129400      1.5987873E-02
  0.8183960      1.3952136E-02
  0.8238510      1.2940288E-02
  0.8293070      1.2858629E-02
  0.8347630      1.3419747E-02
  0.8402190      1.4425874E-02
  0.8456750      1.5498519E-02
