  0.2018710      4.6624660E-02
  0.2073270      4.3802381E-02
  0.2127830      4.3764830E-02
  0.2182390      4.5124292E-02
  0.2236950      4.5232415E-02
  0.2291510      4.5102119E-02
  0.2346070      4.6107650E-02
  0.2400630      4.8007607E-02
  0.2455190      5.0473690E-02
  0.2509750      5.3573370E-02
  0.2564310      5.6538463E-02
  0.2618870      5.9111595E-02
  0.2673430      6.0843468E-02
  0.2727980      6.1549306E-02
  0.2782540      5.7791591E-02
  0.2837100      5.1015615E-02
  0.2891660      4.3848395E-02
  0.2946220      3.9746523E-02
  0.3000780      3.9328814E-02
  0.3055340      4.0821910E-02
  0.3109900      4.1257381E-02
  0.3164460      3.9022088E-02
  0.3219020      3.5971045E-02
  0.3273580      3.4905314E-02
  0.3328140      3.5635710E-02
  0.3382700      3.6733031E-02
  0.3437260      3.7398696E-02
  0.3491820      3.7781715E-02
  0.3546380      3.8261414E-02
  0.3600940      3.7940741E-02
  0.3655500      3.6255717E-02
  0.3710060      3.4270525E-02
  0.3764620      3.3995152E-02
  0.3819180      3.6121249E-02
  0.3873740      3.8767099E-02
  0.3928300      3.8924932E-02
  0.3982860      3.6932588E-02
  0.4037420      3.4952641E-02
  0.4091980      3.4718633E-02
  0.4146540      3.5471678E-02
  0.4201100      3.5811782E-02
  0.4255660      3.4519076E-02
  0.4310220      3.1993151E-02
  0.4364780      2.9846430E-02
  0.4419340      2.9445291E-02
  0.4473900      3.0618310E-02
  0.4528460      3.1957150E-02
  0.4583010      3.2295465E-02
  0.4637570      3.1648874E-02
  0.4692130      3.0645490E-02
  0.4746690      2.9647231E-02
  0.4801250      2.8482199E-02
  0.4855810      2.6931405E-02
  0.4910370      2.5312901E-02
  0.4964930      2.4005890E-02
  0.5019490      2.3233175E-02
  0.5074050      2.2680163E-02
  0.5128610      2.1971226E-02
  0.5183170      2.1479130E-02
  0.5237730      2.1669984E-02
  0.5292290      2.2420764E-02
  0.5346850      2.3108840E-02
  0.5401410      2.3470759E-02
  0.5455970      2.3658872E-02
  0.5510530      2.3697972E-02
  0.5565090      2.3561597E-02
  0.5619650      2.3288012E-02
  0.5674210      2.3157477E-02
  0.5728770      2.3273110E-02
  0.5783330      2.3234129E-02
  0.5837890      2.2614121E-02
  0.5892450      2.1759748E-02
  0.5947010      2.1172047E-02
  0.6001570      2.1013260E-02
  0.6056130      2.1087170E-02
  0.6110690      2.0620465E-02
  0.6165250      1.9529819E-02
  0.6219810      1.8427730E-02
  0.6274370      1.8127918E-02
  0.6328930      1.8898726E-02
  0.6383480      2.0051837E-02
  0.6438040      2.0818472E-02
  0.6492600      2.1296024E-02
  0.6547160      2.1859646E-02
  0.6601720      2.2608995E-02
  0.6656280      2.3218989E-02
  0.6710840      2.3331404E-02
  0.6765400      2.3966074E-02
  0.6819960      2.1800876E-02
  0.6874520      2.0378351E-02
  0.6929080      1.8962145E-02
  0.6983640      1.8032551E-02
  0.7038200      1.7654657E-02
  0.7092760      1.7442226E-02
  0.7147320      1.7142773E-02
  0.7201880      1.6831398E-02
  0.7256440      1.6659617E-02
  0.7311000      1.6594648E-02
  0.7365560      1.6836286E-02
  0.7420120      1.6989589E-02
  0.7474680      1.7212749E-02
  0.7529240      1.7872810E-02
  0.7583800      1.9147515E-02
  0.7638360      2.0468950E-02
  0.7692920      2.0774245E-02
  0.7747480      1.9793987E-02
  0.7802040      1.8213391E-02
  0.7856600      1.7175078E-02
  0.7911160      1.7123461E-02
  0.7965720      1.7889380E-02
  0.8020280      1.9189358E-02
  0.8074840      2.0044088E-02
  0.8129400      1.9842863E-02
  0.8183960      1.8583655E-02
  0.8238510      1.7020822E-02
  0.8293070      1.5948057E-02
  0.8347630      1.5580177E-02
  0.8402190      1.5732765E-02
  0.8456750      1.6227007E-02
