  0.2018710      4.0890574E-02
  0.2073270      3.9544106E-02
  0.2127830      3.9651752E-02
  0.2182390      3.9009571E-02
  0.2236950      3.7064910E-02
  0.2291510      3.5821080E-02
  0.2346070      3.5551429E-02
  0.2400630      3.4698844E-02
  0.2455190      3.3658743E-02
  0.2509750      3.5497665E-02
  0.2564310      3.8492322E-02
  0.2618870      3.9677620E-02
  0.2673430      3.9545298E-02
  0.2727980      4.0152669E-02
  0.2782540      3.9937019E-02
  0.2837100      4.0050745E-02
  0.2891660      4.1073799E-02
  0.2946220      4.2233586E-02
  0.3000780      4.1585207E-02
  0.3055340      3.9246678E-02
  0.3109900      3.6392570E-02
  0.3164460      3.4246802E-02
  0.3219020      3.3637643E-02
  0.3273580      3.4583926E-02
  0.3328140      3.5884261E-02
  0.3382700      3.6681533E-02
  0.3437260      3.6404133E-02
  0.3491820      3.4983039E-02
  0.3546380      3.3074141E-02
  0.3600940      3.1219244E-02
  0.3655500      2.9924154E-02
  0.3710060      2.9393792E-02
  0.3764620      2.9986024E-02
  0.3819180      3.2050252E-02
  0.3873740      3.4700632E-02
  0.3928300      3.5968661E-02
  0.3982860      3.5211802E-02
  0.4037420      3.3587813E-02
  0.4091980      3.3232450E-02
  0.4146540      3.4831643E-02
  0.4201100      3.7295938E-02
  0.4255660      3.8425088E-02
  0.4310220      3.7276387E-02
  0.4364780      3.4499645E-02
  0.4419340      3.1320691E-02
  0.4473900      2.8371096E-02
  0.4528460      2.5880814E-02
  0.4583010      2.3974895E-02
  0.4637570      2.3013115E-02
  0.4692130      2.3191571E-02
  0.4746690      2.4420977E-02
  0.4801250      2.6213884E-02
  0.4855810      2.8024554E-02
  0.4910370      2.9380202E-02
  0.4964930      2.9665470E-02
  0.5019490      2.8874278E-02
  0.5074050      2.7590752E-02
  0.5128610      2.6526570E-02
  0.5183170      2.5929809E-02
  0.5237730      2.5300503E-02
  0.5292290      2.4253607E-02
  0.5346850      2.3088694E-02
  0.5401410      2.2508264E-02
  0.5455970      2.2652268E-02
  0.5510530      2.3002028E-02
  0.5565090      2.3201227E-02
  0.5619650      2.3252368E-02
  0.5674210      2.3292303E-02
  0.5728770      2.3226857E-02
  0.5783330      2.2770524E-02
  0.5837890      2.1910906E-02
  0.5892450      2.1492720E-02
  0.5947010      2.2133708E-02
  0.6001570      2.3549199E-02
  0.6056130      2.5074005E-02
  0.6110690      2.5839329E-02
  0.6165250      2.5837302E-02
  0.6219810      2.5322676E-02
  0.6274370      2.4544120E-02
  0.6328930      2.4033189E-02
  0.6383480      2.4059176E-02
  0.6438040      2.4280667E-02
  0.6492600      2.4296165E-02
  0.6547160      2.3771524E-02
  0.6601720      2.2824049E-02
  0.6656280      2.1704078E-02
  0.6710840      2.0871878E-02
  0.6765400      2.1713138E-02
  0.6819960      2.1117687E-02
  0.6874520      2.1613717E-02
  0.6929080      2.1836042E-02
  0.6983640      2.2022486E-02
  0.7038200      2.2427559E-02
  0.7092760      2.2729754E-02
  0.7147320      2.2448182E-02
  0.7201880      2.1665454E-02
  0.7256440      2.1148324E-02
  0.7311000      2.1351218E-02
  0.7365560      2.2241592E-02
  0.7420120      2.2544384E-02
  0.7474680      2.1748543E-02
  0.7529240      1.9936800E-02
  0.7583800      1.7832279E-02
  0.7638360      1.6304374E-02
  0.7692920      1.5669703E-02
  0.7747480      1.5624285E-02
  0.7802040      1.5629888E-02
  0.7856600      1.5622377E-02
  0.7911160      1.5642405E-02
  0.7965720      1.5727758E-02
  0.8020280      1.6164660E-02
  0.8074840      1.6705275E-02
  0.8129400      1.7289162E-02
  0.8183960      1.7893076E-02
  0.8238510      1.8500566E-02
  0.8293070      1.8881679E-02
  0.8347630      1.8958688E-02
  0.8402190      1.9107342E-02
  0.8456750      1.9552588E-02
