 step, acceptance rate averaged over last 100 steps
         200  0.6600000    
         300  0.5400000    
         400  0.4200000    
         500  0.3700000    
         600  7.9999998E-02
         700  0.2400000    
         800  0.2900000    
         900  0.2400000    
        1000  0.2200000    
        1100  0.1300000    
        1200  5.0000001E-02
        1300  0.0000000E+00
        1400  0.0000000E+00
        1500  0.0000000E+00
        1600  0.0000000E+00
        1700  0.0000000E+00
        1800  0.0000000E+00
        1900  0.0000000E+00
        2000  0.0000000E+00
        2100  0.0000000E+00
        2200  0.0000000E+00
        2300  0.0000000E+00
        2400  0.0000000E+00
        2500  0.0000000E+00
        2600  0.0000000E+00
        2700  0.0000000E+00
        2800  0.0000000E+00
        2900  0.0000000E+00
        3000  0.0000000E+00
        3100  0.0000000E+00
