 step, acceptance rate averaged over last 100 steps
         200  0.6900000    
         300  0.5700000    
         400  0.4500000    
         500  0.3700000    
         600  0.4100000    
         700  0.2700000    
         800  0.2200000    
         900  0.3300000    
        1000  0.2000000    
        1100  7.9999998E-02
        1200  7.9999998E-02
        1300  0.1000000    
        1400  0.1400000    
        1500  0.0000000E+00
        1600  0.0000000E+00
        1700  0.0000000E+00
        1800  0.0000000E+00
        1900  0.0000000E+00
        2000  0.0000000E+00
        2100  0.0000000E+00
        2200  0.0000000E+00
        2300  0.0000000E+00
        2400  0.0000000E+00
        2500  0.0000000E+00
        2600  0.0000000E+00
        2700  0.0000000E+00
        2800  0.0000000E+00
        2900  0.0000000E+00
        3000  0.0000000E+00
        3100  0.0000000E+00
        3200  0.0000000E+00
        3300  0.0000000E+00
        3400  0.0000000E+00
        3500  0.0000000E+00
        3600  0.0000000E+00
        3700  0.0000000E+00
        3800  0.0000000E+00
        3900  0.0000000E+00
        4000  0.0000000E+00
        4100  0.0000000E+00
        4200  0.0000000E+00
        4300  0.0000000E+00
        4400  0.0000000E+00
        4500  0.0000000E+00
        4600  0.0000000E+00
        4700  0.0000000E+00
        4800  0.0000000E+00
        4900  0.0000000E+00
