 step, acceptance rate averaged over last 100 steps
         200  0.6800000    
         300  0.5500000    
         400  0.4700000    
         500  0.2900000    
         600  0.2800000    
         700  0.0000000E+00
         800  0.1900000    
         900  0.3400000    
        1000  0.2500000    
        1100  0.2300000    
        1200  0.1500000    
        1300  0.1600000    
        1400  7.0000000E-02
        1500  0.0000000E+00
        1600  0.0000000E+00
        1700  0.0000000E+00
        1800  0.0000000E+00
        1900  0.0000000E+00
        2000  0.0000000E+00
        2100  0.0000000E+00
        2200  0.0000000E+00
        2300  5.9999999E-02
        2400  7.9999998E-02
        2500  0.1200000    
        2600  0.1400000    
        2700  7.0000000E-02
        2800  0.1400000    
        2900  5.0000001E-02
        3000  0.1100000    
        3100  7.0000000E-02
        3200  0.1000000    
        3300  7.9999998E-02
        3400  3.9999999E-02
        3500  3.9999999E-02
        3600  9.9999998E-03
        3700  2.0000000E-02
        3800  7.9999998E-02
        3900  5.9999999E-02
        4000  0.1200000    
        4100  2.0000000E-02
        4200  0.1200000    
        4300  5.9999999E-02
        4400  5.9999999E-02
        4500  0.1000000    
        4600  3.9999999E-02
        4700  0.0000000E+00
        4800  0.0000000E+00
        4900  0.0000000E+00
        5000  0.0000000E+00
        5100  0.0000000E+00
        5200  0.0000000E+00
        5300  0.0000000E+00
        5400  0.0000000E+00
        5500  0.0000000E+00
        5600  0.0000000E+00
        5700  2.0000000E-02
        5800  7.9999998E-02
        5900  0.1300000    
        6000  5.0000001E-02
        6100  5.0000001E-02
        6200  2.9999999E-02
        6300  0.1200000    
        6400  7.9999998E-02
        6500  0.1100000    
        6600  5.9999999E-02
        6700  5.0000001E-02
        6800  0.1000000    
        6900  0.1000000    
        7000  0.1100000    
        7100  7.9999998E-02
        7200  5.9999999E-02
        7300  0.1100000    
        7400  5.9999999E-02
        7500  9.9999998E-03
        7600  5.9999999E-02
        7700  9.9999998E-03
        7800  0.0000000E+00
        7900  0.0000000E+00
        8000  0.0000000E+00
        8100  0.0000000E+00
        8200  0.0000000E+00
        8300  0.0000000E+00
        8400  0.0000000E+00
        8500  0.0000000E+00
        8600  0.0000000E+00
        8700  0.0000000E+00
        8800  0.0000000E+00
        8900  0.0000000E+00
        9000  0.0000000E+00
        9100  0.0000000E+00
        9200  0.0000000E+00
        9300  0.0000000E+00
        9400  0.0000000E+00
        9500  0.0000000E+00
        9600  0.0000000E+00
        9700  0.0000000E+00
        9800  0.0000000E+00
        9900  0.0000000E+00
       10000  0.0000000E+00
       10100  0.0000000E+00
       10200  0.0000000E+00
       10300  0.0000000E+00
       10400  0.0000000E+00
       10500  0.0000000E+00
       10600  0.0000000E+00
       10700  0.0000000E+00
       10800  0.0000000E+00
       10900  0.0000000E+00
       11000  0.0000000E+00
       11100  0.0000000E+00
       11200  0.0000000E+00
       11300  0.0000000E+00
       11400  0.0000000E+00
       11500  0.0000000E+00
       11600  0.0000000E+00
       11700  0.0000000E+00
       11800  0.0000000E+00
       11900  0.0000000E+00
       12000  0.0000000E+00
       12100  0.0000000E+00
       12200  0.0000000E+00
       12300  0.0000000E+00
       12400  0.0000000E+00
       12500  0.0000000E+00
       12600  0.0000000E+00
       12700  0.0000000E+00
       12800  0.0000000E+00
       12900  0.0000000E+00
       13000  0.0000000E+00
       13100  0.0000000E+00
       13200  0.0000000E+00
       13300  0.0000000E+00
       13400  0.0000000E+00
       13500  0.0000000E+00
       13600  0.0000000E+00
       13700  0.0000000E+00
       13800  0.0000000E+00
       13900  0.0000000E+00
       14000  0.0000000E+00
       14100  0.0000000E+00
       14200  0.0000000E+00
       14300  0.0000000E+00
       14400  0.0000000E+00
       14500  0.0000000E+00
       14600  0.0000000E+00
       14700  0.0000000E+00
       14800  0.0000000E+00
       14900  0.0000000E+00
       15000  0.0000000E+00
       15100  0.0000000E+00
       15200  0.0000000E+00
       15300  0.0000000E+00
       15400  0.0000000E+00
       15500  0.0000000E+00
       15600  0.0000000E+00
       15700  0.0000000E+00
       15800  0.0000000E+00
       15900  0.0000000E+00
       16000  0.0000000E+00
       16100  0.0000000E+00
       16200  0.0000000E+00
       16300  0.0000000E+00
       16400  0.0000000E+00
       16500  0.0000000E+00
       16600  0.0000000E+00
       16700  0.0000000E+00
       16800  0.0000000E+00
       16900  0.0000000E+00
       17000  0.0000000E+00
       17100  0.0000000E+00
       17200  0.0000000E+00
       17300  0.0000000E+00
       17400  0.0000000E+00
       17500  0.0000000E+00
       17600  0.0000000E+00
       17700  0.0000000E+00
       17800  0.0000000E+00
       17900  0.0000000E+00
       18000  0.0000000E+00
       18100  0.0000000E+00
       18200  0.0000000E+00
       18300  0.0000000E+00
       18400  0.0000000E+00
       18500  0.0000000E+00
       18600  0.0000000E+00
       18700  0.0000000E+00
       18800  0.0000000E+00
       18900  0.0000000E+00
       19000  0.0000000E+00
       19100  0.0000000E+00
       19200  0.0000000E+00
       19300  0.0000000E+00
       19400  0.0000000E+00
       19500  0.0000000E+00
       19600  0.0000000E+00
       19700  0.0000000E+00
       19800  0.0000000E+00
       19900  0.0000000E+00
       20000  0.0000000E+00
       20100  0.0000000E+00
       20200  0.0000000E+00
       20300  0.0000000E+00
       20400  0.0000000E+00
       20500  0.0000000E+00
       20600  0.0000000E+00
       20700  0.0000000E+00
       20800  0.0000000E+00
       20900  0.0000000E+00
       21000  0.0000000E+00
       21100  0.0000000E+00
       21200  0.0000000E+00
       21300  0.0000000E+00
       21400  0.0000000E+00
       21500  0.0000000E+00
       21600  0.0000000E+00
       21700  0.0000000E+00
       21800  0.0000000E+00
       21900  0.0000000E+00
       22000  0.0000000E+00
       22100  0.0000000E+00
       22200  0.0000000E+00
       22300  0.0000000E+00
       22400  0.0000000E+00
       22500  0.0000000E+00
       22600  0.0000000E+00
       22700  0.0000000E+00
       22800  0.0000000E+00
       22900  0.0000000E+00
       23000  0.0000000E+00
       23100  0.0000000E+00
       23200  0.0000000E+00
       23300  0.0000000E+00
       23400  0.0000000E+00
       23500  0.0000000E+00
       23600  0.0000000E+00
       23700  0.0000000E+00
       23800  0.0000000E+00
       23900  0.0000000E+00
       24000  0.0000000E+00
       24100  0.0000000E+00
       24200  0.0000000E+00
       24300  0.0000000E+00
       24400  0.0000000E+00
       24500  0.0000000E+00
       24600  0.0000000E+00
       24700  0.0000000E+00
       24800  0.0000000E+00
       24900  0.0000000E+00
       25000  0.0000000E+00
       25100  0.0000000E+00
       25200  0.0000000E+00
       25300  0.0000000E+00
       25400  0.0000000E+00
       25500  0.0000000E+00
       25600  0.0000000E+00
       25700  0.0000000E+00
       25800  0.0000000E+00
       25900  0.0000000E+00
       26000  0.0000000E+00
       26100  0.0000000E+00
       26200  0.0000000E+00
       26300  0.0000000E+00
       26400  0.0000000E+00
       26500  0.0000000E+00
       26600  0.0000000E+00
       26700  0.0000000E+00
       26800  0.0000000E+00
       26900  0.0000000E+00
       27000  0.0000000E+00
       27100  0.0000000E+00
       27200  0.0000000E+00
       27300  0.0000000E+00
       27400  0.0000000E+00
       27500  0.0000000E+00
       27600  0.0000000E+00
       27700  0.0000000E+00
       27800  0.0000000E+00
       27900  0.0000000E+00
       28000  0.0000000E+00
       28100  0.0000000E+00
       28200  0.0000000E+00
       28300  0.0000000E+00
       28400  0.0000000E+00
       28500  0.0000000E+00
       28600  0.0000000E+00
       28700  0.0000000E+00
       28800  0.0000000E+00
       28900  0.0000000E+00
       29000  0.0000000E+00
       29100  0.0000000E+00
       29200  0.0000000E+00
       29300  0.0000000E+00
       29400  0.0000000E+00
       29500  0.0000000E+00
       29600  0.0000000E+00
       29700  0.0000000E+00
       29800  0.0000000E+00
       29900  0.0000000E+00
       30000  0.0000000E+00
       30100  0.0000000E+00
       30200  0.0000000E+00
       30300  0.0000000E+00
       30400  0.0000000E+00
       30500  0.0000000E+00
       30600  0.0000000E+00
       30700  0.0000000E+00
       30800  0.0000000E+00
       30900  0.0000000E+00
       31000  0.0000000E+00
       31100  0.0000000E+00
       31200  0.0000000E+00
       31300  0.0000000E+00
       31400  0.0000000E+00
       31500  0.0000000E+00
       31600  0.0000000E+00
       31700  0.0000000E+00
       31800  0.0000000E+00
       31900  0.0000000E+00
       32000  0.0000000E+00
       32100  0.0000000E+00
       32200  0.0000000E+00
       32300  0.0000000E+00
       32400  0.0000000E+00
       32500  0.0000000E+00
       32600  0.0000000E+00
       32700  0.0000000E+00
       32800  0.0000000E+00
       32900  0.0000000E+00
       33000  0.0000000E+00
       33100  0.0000000E+00
       33200  0.0000000E+00
       33300  0.0000000E+00
       33400  0.0000000E+00
       33500  0.0000000E+00
       33600  0.0000000E+00
       33700  0.0000000E+00
       33800  0.0000000E+00
       33900  0.0000000E+00
       34000  0.0000000E+00
       34100  0.0000000E+00
       34200  0.0000000E+00
       34300  0.0000000E+00
       34400  0.0000000E+00
       34500  0.0000000E+00
       34600  0.0000000E+00
       34700  0.0000000E+00
       34800  0.0000000E+00
       34900  0.0000000E+00
       35000  0.0000000E+00
       35100  0.0000000E+00
       35200  0.0000000E+00
       35300  0.0000000E+00
       35400  0.0000000E+00
       35500  0.0000000E+00
       35600  0.0000000E+00
       35700  0.0000000E+00
       35800  0.0000000E+00
       35900  0.0000000E+00
       36000  0.0000000E+00
       36100  0.0000000E+00
       36200  0.0000000E+00
       36300  0.0000000E+00
       36400  0.0000000E+00
       36500  0.0000000E+00
       36600  0.0000000E+00
       36700  0.0000000E+00
       36800  0.0000000E+00
       36900  0.0000000E+00
       37000  0.0000000E+00
       37100  0.0000000E+00
       37200  0.0000000E+00
       37300  0.0000000E+00
       37400  0.0000000E+00
       37500  0.0000000E+00
       37600  0.0000000E+00
       37700  0.0000000E+00
       37800  0.0000000E+00
       37900  0.0000000E+00
       38000  0.0000000E+00
       38100  0.0000000E+00
       38200  0.0000000E+00
       38300  0.0000000E+00
       38400  0.0000000E+00
       38500  0.0000000E+00
       38600  0.0000000E+00
       38700  0.0000000E+00
       38800  0.0000000E+00
       38900  0.0000000E+00
       39000  0.0000000E+00
       39100  0.0000000E+00
       39200  0.0000000E+00
       39300  0.0000000E+00
       39400  0.0000000E+00
       39500  0.0000000E+00
       39600  0.0000000E+00
       39700  0.0000000E+00
       39800  0.0000000E+00
       39900  0.0000000E+00
       40000  0.0000000E+00
       40100  0.0000000E+00
       40200  0.0000000E+00
       40300  0.0000000E+00
       40400  0.0000000E+00
       40500  0.0000000E+00
       40600  0.0000000E+00
       40700  0.0000000E+00
       40800  0.0000000E+00
       40900  0.0000000E+00
       41000  0.0000000E+00
       41100  0.0000000E+00
       41200  0.0000000E+00
       41300  0.0000000E+00
       41400  0.0000000E+00
       41500  0.0000000E+00
       41600  0.0000000E+00
       41700  0.0000000E+00
       41800  0.0000000E+00
       41900  0.0000000E+00
       42000  0.0000000E+00
       42100  0.0000000E+00
       42200  0.0000000E+00
       42300  0.0000000E+00
       42400  0.0000000E+00
       42500  0.0000000E+00
       42600  0.0000000E+00
       42700  0.0000000E+00
       42800  0.0000000E+00
       42900  0.0000000E+00
