 step, acceptance rate averaged over last 100 steps
         200  0.6900000    
         300  0.5700000    
         400  0.4500000    
         500  0.3700000    
         600  0.4100000    
         700  0.2700000    
         800  0.2200000    
         900  0.3300000    
        1000  0.2000000    
        1100  7.9999998E-02
        1200  7.9999998E-02
        1300  0.1000000    
        1400  0.1400000    
        1500  0.0000000E+00
        1600  0.0000000E+00
        1700  0.0000000E+00
        1800  0.0000000E+00
        1900  0.0000000E+00
        2000  0.0000000E+00
        2100  0.0000000E+00
        2200  0.0000000E+00
        2300  0.0000000E+00
        2400  0.0000000E+00
        2500  0.0000000E+00
        2600  0.0000000E+00
        2700  0.0000000E+00
        2800  0.0000000E+00
        2900  0.0000000E+00
        3000  0.0000000E+00
        3100  0.0000000E+00
        3200  0.0000000E+00
        3300  0.0000000E+00
        3400  0.0000000E+00
        3500  0.0000000E+00
        3600  0.0000000E+00
        3700  0.0000000E+00
        3800  0.0000000E+00
        3900  0.0000000E+00
        4000  0.0000000E+00
        4100  0.0000000E+00
        4200  0.0000000E+00
        4300  0.0000000E+00
        4400  0.0000000E+00
        4500  0.0000000E+00
        4600  0.0000000E+00
        4700  0.0000000E+00
        4800  0.0000000E+00
        4900  0.0000000E+00
        5000  0.0000000E+00
        5100  0.0000000E+00
        5200  0.0000000E+00
        5300  0.0000000E+00
        5400  0.0000000E+00
        5500  0.0000000E+00
        5600  0.0000000E+00
        5700  0.0000000E+00
        5800  0.0000000E+00
        5900  0.0000000E+00
        6000  0.0000000E+00
        6100  0.0000000E+00
        6200  0.0000000E+00
        6300  0.0000000E+00
        6400  0.0000000E+00
        6500  0.0000000E+00
        6600  0.0000000E+00
        6700  0.0000000E+00
        6800  0.0000000E+00
        6900  0.0000000E+00
        7000  0.0000000E+00
        7100  0.0000000E+00
        7200  0.0000000E+00
        7300  0.0000000E+00
        7400  0.0000000E+00
        7500  0.0000000E+00
        7600  0.0000000E+00
        7700  0.0000000E+00
        7800  0.0000000E+00
        7900  0.0000000E+00
        8000  0.0000000E+00
        8100  0.0000000E+00
        8200  0.0000000E+00
        8300  0.0000000E+00
        8400  0.0000000E+00
        8500  0.0000000E+00
        8600  0.0000000E+00
        8700  0.0000000E+00
        8800  0.0000000E+00
        8900  0.0000000E+00
        9000  0.0000000E+00
        9100  0.0000000E+00
        9200  0.0000000E+00
        9300  0.0000000E+00
        9400  0.0000000E+00
        9500  0.0000000E+00
        9600  0.0000000E+00
        9700  0.0000000E+00
        9800  0.0000000E+00
        9900  0.0000000E+00
       10000  0.0000000E+00
       10100   1.000000    
       10200   1.000000    
       10300   1.000000    
       10400   1.000000    
       10500   1.000000    
       10600   1.000000    
       10700   1.000000    
       10800   1.000000    
       10900   1.000000    
       11000   1.000000    
       11100   1.000000    
       11200   1.000000    
       11300   1.000000    
       11400   1.000000    
       11500   1.000000    
       11600   1.000000    
       11700   1.000000    
       11800  0.9800000    
       11900  0.9900000    
       12000   1.000000    
       12100  0.9900000    
       12200   1.000000    
       12300   1.000000    
       12400   1.000000    
       12500   1.000000    
       12600   1.000000    
       12700   1.000000    
       12800   1.000000    
       12900  0.9900000    
       13000   1.000000    
       13100   1.000000    
       13200   1.000000    
       13300   1.000000    
       13400   1.000000    
       13500   1.000000    
       13600   1.000000    
       13700  0.9800000    
       13800   1.000000    
       13900   1.000000    
       14000   1.000000    
       14100   1.000000    
       14200   1.000000    
       14300   1.000000    
       14400   1.000000    
       14500  0.9900000    
       14600   1.000000    
       14700   1.000000    
       14800   1.000000    
       14900   1.000000    
       15000   1.000000    
       15100   1.000000    
       15200   1.000000    
       15300  0.9900000    
       15400   1.000000    
       15500   1.000000    
