 step, acceptance rate averaged over last 100 steps
         200  0.6500000    
         300  0.3900000    
         400  0.4000000    
         500  0.3500000    
         600  0.2700000    
         700  0.1400000    
         800  0.1600000    
         900  0.1300000    
        1000  0.2500000    
        1100  0.1700000    
        1200  9.0000004E-02
        1300  0.0000000E+00
        1400  9.0000004E-02
        1500  5.0000001E-02
        1600  0.0000000E+00
        1700  0.0000000E+00
        1800  2.9999999E-02
        1900  0.2500000    
        2000  0.1000000    
        2100  0.0000000E+00
        2200  0.0000000E+00
        2300  0.0000000E+00
        2400  0.0000000E+00
        2500  0.0000000E+00
        2600  0.0000000E+00
