 step, chi2, energy, chi2-energy, chi2/energy, alpha weight, beta weight
           1   24564.00      -5700.630       22692.49       4.308998    
           1   24444.00      -5696.516       22573.84       4.291044    
           2   24351.00      -5695.134       22481.29       4.275755    
           4   24218.00      -5692.256       22349.24       4.254552    
           7   23710.00      -5689.825       21842.03       4.167088    
           9   22986.00      -5684.632       21119.74       4.043533    
          10   22867.00      -5683.106       21001.24       4.023680    
          13   22502.00      -5682.008       20636.60       3.960220    
          14   22202.00      -5679.340       20337.48       3.909257    
          18   21944.00      -5677.467       20080.09       3.865104    
          21   21906.00      -5676.470       20042.42       3.859089    
          23   21592.00      -5674.269       19729.14       3.805248    
          25   21283.00      -5671.986       19420.89       3.752301    
          26   21238.00      -5669.250       19376.79       3.746174    
          30   21219.00      -5668.163       19358.14       3.743541    
          31   20957.00      -5665.907       19096.89       3.698790    
          32   20754.00      -5663.635       18894.63       3.664431    
          35   20404.00      -5663.101       18544.81       3.602973    
          37   20279.00      -5659.422       18421.02       3.583228    
          38   20241.00      -5654.835       18384.52       3.579415    
          41   20147.00      -5652.738       18918.36       3.564113    
          43   19958.00      -5649.097       18730.15       3.532954    
          45   19955.00      -5646.372       18727.74       3.534128    
          49   19886.00      -5643.458       18659.38       3.523726    
          50   19540.00      -5641.531       18313.79       3.463599    
          52   19522.00      -5637.131       18296.75       3.463109    
          53   19480.00      -5635.258       18255.16       3.456807    
          57   19472.00      -5631.811       18247.91       3.457502    
          59   19253.00      -5630.383       18029.22       3.419483    
          60   19124.00      -5626.253       17901.12       3.399065    
          64   18999.00      -5620.187       17777.43       3.380492    
          65   18861.00      -5616.650       17640.20       3.358052    
          66   18682.00      -5615.601       17461.43       3.326803    
          69   18640.00      -5612.734       17420.05       3.321019    
          70   18553.00      -5611.506       17333.32       3.306243    
          73   18294.00      -5610.317       17074.58       3.260778    
          75   17934.00      -5606.671       16715.37       3.198689    
          78   17761.00      -5602.279       16543.33       3.170317    
          79   17689.00      -5600.440       16471.73       3.158502    
          81   17689.00      -5600.330       16471.75       3.158564    
          83   17487.00      -5599.721       16657.85       3.122834    
          88   17280.00      -5593.418       16451.79       3.089345    
          89   17243.00      -5591.919       16415.01       3.083557    
          90   17209.00      -5590.083       16381.28       3.078487    
          93   16983.00      -5587.474       16155.67       3.039477    
          94   16733.00      -5584.263       15906.14       2.996456    
          98   16575.00      -5583.640       15748.24       2.968494    
         101   16423.00      -5582.750       15596.37       2.941740    
         102   16419.00      -5579.996       15592.78       2.942475    
         103   16299.00      -5577.743       15473.11       2.922150    
         104   15937.00      -5576.011       15111.37       2.858136    
         105   15765.00      -5570.470       14940.19       2.830102    
         107   15756.00      -5569.027       14931.40       2.829219    
         109   15604.00      -5565.954       14779.85       2.803473    
         111   15390.00      -5564.483       14566.07       2.765755    
         115   15256.00      -5563.123       14432.27       2.742345    
         116   15091.00      -5562.199       14267.41       2.713136    
         117   14844.00      -5564.404       14020.08       2.667671    
         119   14821.00      -5560.219       13997.70       2.665542    
         120   14779.00      -5554.946       13956.48       2.660512    
         121   14777.00      -5552.658       13062.19       2.661248    
         123   14595.00      -5550.627       12880.82       2.629433    
         124   14433.00      -5550.086       12718.98       2.600500    
         125   14356.00      -5548.586       12642.45       2.587326    
         126   14169.00      -5546.072       12456.22       2.554781    
         127   14147.00      -5543.826       12434.92       2.551848    
         129   14021.00      -5537.787       12310.78       2.531878    
         130   13812.00      -5532.148       12103.52       2.496680    
         132   13163.00      -5526.333       11456.32       2.381869    
         134   13153.00      -5526.007       11446.42       2.380199    
         135   13005.00      -5523.604       11299.16       2.354441    
         136   12789.00      -5519.200       11084.52       2.317183    
         137   12775.00      -5518.241       11070.82       2.315049    
         138   12659.00      -5515.735       10955.59       2.295070    
         139   12549.00      -5514.502       10845.97       2.275636    
         140   12301.00      -5509.607       10599.49       2.232646    
         143   12111.00      -5504.816       10410.96       2.200073    
         144   11505.00      -5500.520       9806.292       2.091620    
         148   11495.00      -5499.114       9796.727       2.090337    
         150   11388.00      -5496.539       9690.521       2.071849    
         151   11245.00      -5493.912       10566.29       2.046811    
         152   11094.00      -5490.889       10415.66       2.020438    
         153   10972.00      -5490.217       10293.74       1.998464    
         154   10685.00      -5488.837       10006.91       1.946678    
         155   10633.00      -5485.640       9955.308       1.938334    
         157   10469.00      -5483.307       9791.596       1.909249    
         159   10236.00      -5481.734       9558.790       1.867292    
         161   10199.00      -5479.706       9522.040       1.861231    
         162   10152.00      -5477.063       9475.367       1.853548    
         166   10099.00      -5472.917       9422.879       1.845268    
         167   9829.000      -5465.700       9153.771       1.798306    
         168   9829.000      -5465.670       9153.774       1.798316    
         169   9802.000      -5464.329       9126.940       1.793816    
         171   9795.000      -5462.207       9120.202       1.793231    
         174   9795.000      -5462.065       9120.220       1.793278    
         177   9442.000      -5459.498       8767.537       1.729463    
         178   9270.000      -5454.263       8596.184       1.699588    
         179   9211.000      -5453.972       8537.220       1.688861    
         180   9205.000      -5445.610       8532.253       1.690352    
         182   9124.000      -5443.480       8451.516       1.676134    
         183   9003.000      -5443.364       7858.139       1.653940    
         184   8834.000      -5442.158       7689.392       1.623253    
         185   8723.000      -5441.477       7578.535       1.603058    
         189   8673.000      -5440.836       7528.670       1.594056    
         190   8553.000      -5440.790       7408.680       1.572014    
         191   8553.000      -5441.586       7408.513       1.571784    
         193   8398.000      -5438.660       7254.128       1.544130    
         195   8247.000      -5436.495       7103.583       1.516970    
         196   8077.000      -5436.340       6933.616       1.485742    
         197   8002.000      -5435.974       6858.693       1.472045    
         199   7824.000      -5435.265       6680.842       1.439488    
         200   7737.000      -5434.852       6593.929       1.423590    
         201   7500.000      -5432.391       6357.446       1.380607    
         211   7486.000      -5431.731       6343.585       1.378198    
         213   7385.000      -5430.038       6242.941       1.360027    
         214   7261.000      -5429.914       6118.967       1.337222    
         218   7199.000      -5429.555       6057.043       1.325891    
         221   7164.000      -5425.683       6022.857       1.320387    
         222   7008.000      -5422.255       5867.578       1.292451    
         223   6790.000      -5417.096       5650.663       1.253439    
         225   6766.000      -5413.636       5363.413       1.249807    
         227   6483.000      -5411.165       5081.053       1.198078    
         230   6443.000      -5406.564       5042.245       1.191700    
         234   6417.000      -5402.937       5017.185       1.187688    
         235   6298.000      -5402.236       4898.366       1.165813    
         239   6272.000      -5400.072       4872.927       1.161466    
         241   6193.000      -5398.850       4794.244       1.147096    
         243   6181.000      -5398.719       4782.277       1.144901    
         244   6029.000      -5395.041       4631.230       1.117508    
         248   6014.000      -5394.939       4616.257       1.114748    
         249   5978.000      -5390.306       4581.457       1.109028    
         251   5923.000      -5388.277       4526.983       1.099238    
         252   5903.000      -5387.074       4507.295       1.095771    
         255   5846.000      -5385.253       4450.767       1.085557    
         257   5746.000      -5382.854       4351.388       1.067464    
         260   5579.000      -5379.769       4185.188       1.037033    
         262   5465.000      -5378.601       4071.490       1.016064    
         263   5430.000      -5375.346       4037.333       1.010168    
         264   5343.000      -5372.498       3951.071      0.9945095    
         267   5324.000      -5370.620       3932.558      0.9913194    
         273   5095.000      -5364.789       4662.200      0.9497113    
         274   4828.000      -5364.446       4395.228      0.8999998    
         277   4737.000      -5360.688       4304.531      0.8836553    
         278   4684.000      -5359.535       4251.624      0.8739564    
         279   4526.000      -5358.409       4093.715      0.8446537    
         281   4516.000      -5357.448       4083.792      0.8429387    
         284   4476.000      -5357.005       4043.828      0.8355414    
         292   4395.000      -5354.929       3962.996      0.8207392    
         296   4337.000      -5349.652       3905.421      0.8107070    
         297   4306.000      -5348.339       3874.527      0.8051098    
         298   4286.000      -5347.664       3854.582      0.8014714    
         301   4191.000      -5342.563       3759.993      0.7844549    
         303   4135.000      -5340.929       3704.125      0.7742099    
         304   4093.000      -5341.525       3662.077      0.7662606    
         306   4071.000      -5338.845       3640.293      0.7625245    
         308   4030.000      -5337.152       3599.430      0.7550843    
         310   3906.000      -5334.907       3475.611      0.7321590    
         311   3818.000      -5332.864       3387.776      0.7159380    
         315   3808.000      -5328.000       3378.168      0.7147147    
         320   3756.000      -5326.877       3326.259      0.7051036    
         327   3702.000      -5324.697       2514.764      0.6952508    
         328   3674.000      -5321.559       2487.463      0.6903992    
         329   3655.000      -5320.836       2468.625      0.6869221    
         330   3639.000      -5320.371       2452.728      0.6839749    
         333   3555.000      -5317.034       2369.472      0.6686059    
         336   3439.000      -5316.111       2253.678      0.6469015    
         349   3425.000      -5313.642       2240.229      0.6445674    
         350   3393.000      -5311.395       2208.729      0.6388152    
         351   3376.000      -5307.981       2192.491      0.6360233    
         356   3332.000      -5306.705       2148.775      0.6278849    
         359   3332.000      -5306.340       2148.856      0.6279281    
         361   3231.000      -5303.689       2048.448      0.6091986    
         365   3175.000      -5300.938       1993.061      0.5989506    
         366   3166.000      -5299.610       1984.357      0.5974024    
         369   3135.000      -5297.519       1953.823      0.5917864    
         370   3119.000      -5296.186       1938.121      0.5889144    
         371   2966.000      -5295.143       1785.353      0.5601360    
         373   2888.000      -5285.171       1709.577      0.5464346    
         376   2861.000      -5282.464       1683.180      0.5416033    
         381   2843.000      -5279.816       1665.771      0.5384657    
         382   2785.000      -5276.122       2473.795      0.5278499    
         383   2775.000      -5270.028       2464.154      0.5265626    
         384   2746.000      -5269.785       2435.168      0.5210839    
         386   2698.000      -5269.933       2387.160      0.5119610    
         388   2534.000      -5268.727       2223.231      0.4809511    
         390   2483.000      -5266.394       2172.369      0.4714801    
         395   2423.000      -5265.271       2112.435      0.4601853    
         396   2420.000      -5264.688       2109.469      0.4596664    
         398   2420.000      -5264.575       2109.476      0.4596763    
         399   2397.000      -5263.268       2086.553      0.4554205    
         400   2397.000      -5262.650       2086.589      0.4554739    
         404   2385.000      -5257.290       2074.906      0.4536558    
         405   2335.000      -5255.972       2024.983      0.4442566    
         407   2334.000      -5251.518       2024.246      0.4444429    
         408   2301.000      -5248.905       1991.400      0.4383771    
         411   2217.000      -5247.091       1907.507      0.4225198    
         414   2177.000      -5246.394       1867.548      0.4149517    
         418   2170.000      -5245.346       1860.610      0.4137001    
         419   2145.000      -5243.179       1835.738      0.4091030    
         421   2145.000      -5242.747       1835.763      0.4091367    
         424   2078.000      -5241.051       964.5692      0.3964853    
         430   2060.000      -5236.824       947.4673      0.3933682    
         446   2056.000      -5232.706       944.3422      0.3929133    
         449   2013.000      -5228.142       902.3118      0.3850316    
         450   1976.000      -5225.671       865.8365      0.3781332    
         452   1874.000      -5220.917       764.8468      0.3589408    
         454   1862.000      -5217.284       753.6184      0.3568906    
         458   1820.000      -5214.593       712.1901      0.3490205    
         459   1819.000      -5210.365       712.0884      0.3491118    
         464   1732.000      -5206.766       625.8530      0.3326441    
         465   1703.000      -5203.749       597.4939      0.3272640    
         469   1694.000      -5203.363       588.5759      0.3255587    
         472   1673.000      -5202.839       567.6871      0.3215552    
         476   1650.000      -5199.995       545.2914      0.3173080    
         477   1634.000      -5198.585       529.5908      0.3143163    
         481   1520.000      -5195.382       416.2714      0.2925675    
         482   1502.000      -5192.196       398.9482      0.2892803    
         483   1470.000      -5191.003       367.2018      0.2831823    
         484   1451.000      -5188.473       348.7391      0.2796584    
         487   1449.000      -5187.072       347.0369      0.2793484    
         489   1392.000      -5185.539       1174.576      0.2684388    
         493   1354.000      -5183.949       1136.643      0.2611908    
         494   1330.000      -5180.189       1112.800      0.2567474    
         497   1280.000      -5176.984       1062.935      0.2472482    
         498   1257.000      -5175.024       1040.017      0.2428974    
         500   1204.000      -5171.688       987.1567      0.2328060    
         503   1157.000      -5166.001       940.3951      0.2239643    
         504   1109.000      -5163.456       892.5019      0.2147786    
         506   1102.000      -5161.667       885.5769      0.2134969    
         509   1093.000      -5160.754       876.6152      0.2117908    
         515   1052.000      -5160.253       835.6362      0.2038660    
         516   1027.000      -5160.051       810.6447      0.1990290    
         533   1022.000      -5159.164       805.6818      0.1980941    
         534   1010.000      -5156.893       793.7770      0.1958544    
         541   995.0000      -5156.694       778.7854      0.1929531    
         546   989.0000      -5154.282       772.8865      0.1918793    
         547   961.0000      -5153.411       744.9230      0.1864785    
         549   899.0000      -5150.663       683.0383      0.1745407    
         550   891.0000      -5149.448       675.0892      0.1730283    
         556   858.0000      -5146.019       642.2330      0.1667308    
         559   850.0000      -5142.762      -237.1790      0.1652808    
         566   849.0000      -5140.732      -237.7499      0.1651516    
         567   809.0000      -5137.423      -277.0503      0.1574719    
         568   793.0000      -5135.669      -292.6796      0.1544102    
         570   771.0000      -5133.816      -314.2878      0.1501807    
         580   771.0000      -5133.733      -314.2703      0.1501831    
         583   768.0000      -5128.441      -316.1515      0.1497531    
         584   756.0000      -5124.911      -327.4053      0.1475147    
         586   749.0000      -5123.322      -334.0693      0.1461942    
         587   731.0000      -5122.545      -351.9050      0.1427025    
         592   731.0000      -5122.044      -351.7992      0.1427165    
         595   731.0000      -5121.941      -351.7775      0.1427193    
         600   701.0000      -5119.032      -381.1625      0.1369399    
         605   693.0000      -5117.868      -388.9164      0.1354079    
         606   693.0000      -5117.656      -388.8715      0.1354136    
         607   689.0000      -5112.456      -391.7722      0.1347689    
         609   679.0000      -5107.456      -400.7151      0.1329429    
         617   665.0000      -5104.353      -414.0592      0.1302810    
         620   661.0000      -5101.275      -417.4086      0.1295754    
         623   654.0000      -5104.061      -424.9974      0.1281333    
         635   646.0000      -5108.469       570.9940      0.1264567    
         636   642.0000      -5108.093       566.9996      0.1256829    
         639   618.0000      -5107.228       543.0123      0.1210050    
         640   605.0000      -5106.427       530.0240      0.1184781    
         643   605.0000      -5104.842       530.0473      0.1185149    
         645   596.0000      -5104.114       521.0580      0.1167686    
         653   589.0000      -5103.099       514.0729      0.1154201    
         748   578.0000      -5101.334       503.0988      0.1133037    
         750   558.0000      -5099.398       483.1272      0.1094247    
         755   557.0000      -5097.404       482.1565      0.1092713    
         760   530.0000      -5095.814       455.1798      0.1040069    
         762   514.0000      -5093.432       439.2148      0.1009143    
         763   511.0000      -5091.766       436.2393      0.1003581    
         764   511.0000      -5091.642       436.2411      0.1003605    
         769   511.0000      -5096.263       436.1733      0.1002696    
         778   500.0000      -5095.475       425.1848      9.8126285E-02
         779   500.0000      -5094.057       425.2057      9.8153599E-02
         785   500.0000      -5094.308       425.2020      9.8148763E-02
         786   497.0000      -5095.864       422.1791      9.7530082E-02
         789   497.0000      -5095.356       422.1866      9.7539797E-02
         790   494.0000      -5095.597      -1612.843      9.6946441E-02
         795   487.0000      -5091.413      -1618.113      9.5651247E-02
         797   465.0000      -5087.777      -1638.609      9.1395512E-02
         807   460.0000      -5085.312      -1642.590      9.0456605E-02
         808   444.0000      -5081.055      -1656.830      8.7383434E-02
         811   442.0000      -5081.566      -1659.041      8.6981066E-02
         816   438.0000      -5078.014      -1661.573      8.6254187E-02
         833   419.0000      -5079.634      -1681.242      8.2486264E-02
         844   416.0000      -5079.677      -1684.260      8.1894971E-02
         846   413.0000      -5077.751      -1686.464      8.1335217E-02
         851   413.0000      -5079.882      -1687.345      8.1301093E-02
         861   406.0000      -5075.551      -1692.554      7.9991311E-02
         862   381.0000      -5074.670      -1717.190      7.5078778E-02
         875   376.0000      -5073.670      -1721.776      7.4108087E-02
         881   367.0000      -5071.557      -1729.903      7.2364360E-02
         900   353.0000      -5070.838      -1743.605      6.9613732E-02
         905   331.0000      -5068.334      -1764.570      6.5307453E-02
         921   324.0000      -5065.109      -1770.237      6.3967027E-02
         926   320.0000      -5063.742      -1773.671      6.3194379E-02
         933   320.0000      -5063.956      -1773.760      6.3191704E-02
         937   314.0000      -5062.367       260.8295      6.2026326E-02
         944   314.0000      -5061.913       260.8343      6.2031887E-02
         946   313.0000      -5057.305       259.8826      6.1890669E-02
         951   313.0000      -5057.042       259.8854      6.1893892E-02
         952   313.0000      -5054.582       259.9113      6.1924018E-02
         957   311.0000      -5053.526       257.9223      6.1541185E-02
         959   296.0000      -5051.229       242.9465      5.8599606E-02
         960   286.0000      -5048.650       232.9735      5.6648802E-02
         962   286.0000      -5048.128       232.9790      5.6654662E-02
         963   281.0000      -5051.181       227.9470      5.5630554E-02
         966   281.0000      -5051.007       227.9488      5.5632472E-02
         968   281.0000      -5050.091       227.9584      5.5642564E-02
         970   281.0000      -5049.803       227.9614      5.5645734E-02
         974   280.0000      -5048.532       226.9748      5.5461671E-02
         977   280.0000      -5047.992       226.9805      5.5467598E-02
         978   278.0000      -5047.950       224.9809      5.5071861E-02
         982   277.0000      -5046.536       223.9958      5.4889139E-02
         983   276.0000      -5046.280       222.9984      5.4693751E-02
         986   276.0000      -5044.413       223.0181      5.4714002E-02
         987   274.0000      -5044.288       221.0194      5.4318864E-02
         994   268.0000      -5042.418      -743.5789      5.3149100E-02
        1002   266.0000      -5039.183      -744.9297      5.2786335E-02
        1006   261.0000      -5037.286      -749.5493      5.1813614E-02
        1009   256.0000      -5034.057      -753.9014      5.0853614E-02
        1011   256.0000      -5033.904      -753.8708      5.0855160E-02
        1016   249.0000      -5033.040      -760.6973      4.9473085E-02
        1021   249.0000      -5032.884      -760.6660      4.9474616E-02
        1031   244.0000      -5028.945      -764.8759      4.8519120E-02
        1034   233.0000      -5025.894      -775.2637      4.6359915E-02
        1050   227.0000      -5022.475      -780.5779      4.5196839E-02
        1058   217.0000      -5021.530      -790.3883      4.3213923E-02
        1059   197.0000      -5024.023      -810.8885      3.9211605E-02
        1064   192.0000      -5016.516      -814.3824      3.8273577E-02
        1074   191.0000      -5015.124      -815.1031      3.8084805E-02
        1083   179.0000      -5013.420      -826.7614      3.5704166E-02
        1087   175.0000      -5012.315      -830.5397      3.4914006E-02
        1088   175.0000      -5012.710      -830.6190      3.4911253E-02
        1097   174.0000      -5011.733      -831.4229      3.4718528E-02
        1102   168.0000      -5011.345      -837.3450      3.3523936E-02
        1109   161.0000      -5008.715      -843.8174      3.2143973E-02
        1111   146.0000      -5011.088       83.21024      2.9135387E-02
        1113   142.0000      -5011.072       79.21045      2.8337251E-02
        1115   128.0000      -5009.888       65.22528      2.5549475E-02
        1117   128.0000      -5007.932       65.24979      2.5559455E-02
        1177   128.0000      -5006.130       65.27237      2.5568653E-02
        1184   126.0000      -5006.894       63.26279      2.5165303E-02
        1198   124.0000      -5008.309       61.24507      2.4758859E-02
        1316   119.0000      -5009.959       56.22438      2.3752687E-02
        1319   119.0000      -5009.613       56.22873      2.3754330E-02
        1326   118.0000      -5006.522       55.26745      2.3569254E-02
        1336   118.0000      -5005.275       55.28308      2.3575129E-02
        1352   118.0000      -5002.739       55.31485      2.3587078E-02
        1364   116.0000      -5000.298       53.34544      2.3198616E-02
        1370   116.0000      -5000.048       53.34858      2.3199778E-02
        1380   116.0000      -4998.958       53.36224      2.3204839E-02
        1381   116.0000      -4998.010       53.37411      2.3209238E-02
        1401   110.0000      -4997.512       47.38035      2.2010952E-02
        1414   104.0000      -4994.212       41.42170      2.0824106E-02
        1415   103.0000      -4992.065       40.44860      2.0632742E-02
        1416   103.0000      -4988.505       40.49321      2.0647466E-02
        1417   99.00000      -4987.997      -275.6899      1.9847646E-02
        1787   95.00000      -4985.232      -279.4822      1.9056283E-02
        1790   94.00000      -4982.231      -280.2568      1.8867049E-02
        1799   94.00000      -4980.967      -280.1618      1.8871838E-02
        1801   91.00000      -4981.534      -283.2044      1.8267464E-02
        1802   91.00000      -4980.965      -283.1617      1.8269552E-02
        1813   85.00000      -4980.650      -289.1380      1.7066045E-02
        1814   85.00000      -4980.340      -289.1147      1.7067106E-02
        1817   83.00000      -4978.844      -291.0023      1.6670538E-02
        1818   83.00000      -4978.282      -290.9601      1.6672419E-02
        1820   80.00000      -4979.752      -294.0706      1.6065056E-02
        1832   74.00000      -4978.444      -299.9723      1.4864081E-02
        1838   69.00000      -4974.635      -304.6862      1.3870364E-02
        1846   68.00000      -4973.992      -305.6379      1.3671111E-02
        1847   68.00000      -4970.369      -305.3657      1.3681077E-02
        1850   58.00000      -4967.840      -315.1758      1.1675093E-02
        1851   56.00000      -4966.608      -317.0832      1.1275301E-02
        1862   56.00000      -4966.532      -317.0775      1.1275473E-02
        1865   55.00000      -4966.213      -318.0536      1.1074836E-02
        1867   52.00000      -4965.124      -320.9717      1.0473052E-02
        1868   48.00000      -4964.361      -52.29054      9.6689174E-03
        1869   44.00000      -4962.279      -56.24848      8.8668931E-03
        1877   44.00000      -4963.946      -56.28217      8.8639157E-03
        1878   42.00000      -4963.506      -58.27328      8.4617604E-03
        1879   42.00000      -4967.162      -58.34712      8.4555326E-03
        1887   34.00000      -4964.749      -66.29837      6.8482822E-03
        1890   29.00000      -4958.011      -71.16226      5.8491193E-03
        1891   29.00000      -4957.337      -71.14864      5.8499151E-03
        1892   28.00000      -4949.928      -71.99895      5.6566484E-03
        1901   23.00000      -4951.214      -77.02494      4.6453257E-03
        1907   23.00000      -4952.076      -77.04235      4.6445169E-03
        1909   23.00000      -4949.151      -76.98327      4.6472619E-03
        1910   23.00000      -4948.381      -76.96770      4.6479851E-03
        1931   23.00000      -4947.087      -76.94157      4.6492009E-03
        1936   23.00000      -4946.808      -76.93592      4.6494631E-03
        1948   23.00000      -4946.664      -76.93301      4.6495986E-03
        1954   21.00000      -4946.467      -78.92905      4.2454540E-03
        1958   21.00000      -4944.967      -78.89875      4.2467420E-03
        1968   21.00000      -4943.222      -78.86349      4.2482410E-03
