 step, chi2, energy, chi2-energy, chi2/energy, alpha weight, beta weight
           1   24564.00      -5700.630       24560.26       4.308998    
           1   24444.00      -5696.516       24440.26       4.291044    
           2   24351.00      -5695.134       24347.26       4.275755    
           4   24218.00      -5692.256       24214.26       4.254552    
           7   23710.00      -5689.825       23706.26       4.167088    
           9   22986.00      -5684.632       22982.27       4.043533    
          10   22867.00      -5683.106       22863.27       4.023680    
          13   22502.00      -5682.008       22498.27       3.960220    
          14   22202.00      -5679.340       22198.27       3.909257    
          18   21944.00      -5677.467       21940.27       3.865104    
          21   21906.00      -5676.470       21902.27       3.859089    
          23   21592.00      -5674.269       21588.27       3.805248    
          25   21283.00      -5671.986       21279.28       3.752301    
          26   21238.00      -5669.250       21234.28       3.746174    
          30   21219.00      -5668.163       21215.28       3.743541    
          31   20957.00      -5665.907       20953.28       3.698790    
          32   20754.00      -5663.635       20750.28       3.664431    
          35   20404.00      -5663.101       20400.28       3.602973    
          37   20279.00      -5659.422       20275.28       3.583228    
          38   20241.00      -5654.835       20237.29       3.579415    
          41   20147.00      -5652.738      -594174.0       3.564113    
          50   19809.00      -5650.812      -594302.6       3.505514    
          59   19588.00      -5649.368      -594366.8       3.467290    
          66   19395.00      -5648.312      -594444.9       3.433769    
          73   19130.00      -5647.094      -594577.6       3.387583    
          83   18932.00      -5646.485      -594709.4       3.352882    
          89   18732.00      -5644.980      -594745.9       3.318346    
          98   18564.00      -5644.367      -594847.2       3.288943    
         101   18406.00      -5643.489      -594909.8       3.261457    
         104   18194.00      -5641.748      -594932.6       3.224887    
         111   17956.00      -5640.333      -595016.9       3.183500    
         115   17601.00      -5638.991      -595226.0       3.121303    
         116   17414.00      -5638.064      -595312.2       3.088649    
         117   17232.00      -5636.891      -595366.8       3.057004    
         131   17007.00      -5635.917      -595485.9       3.017610    
         132   16878.00      -5634.839      -595497.8       2.995294    
         137   16511.00      -5634.288      -595804.8       2.930450    
         140   16373.00      -5633.520      -595859.4       2.906353    
         160   16227.00      -5632.977      -595946.4       2.880715    
         161   15937.00      -5631.342      -596058.8       2.830054    
         164   15795.00      -5630.294       15788.26       2.805360    
         165   15396.00      -5628.841       15389.26       2.735199    
         166   15246.00      -5626.670       15239.26       2.709595    
         168   14976.00      -5622.650       14969.27       2.663513    
         171   14944.00      -5622.525       14937.27       2.657881    
         174   14896.00      -5618.413       14889.27       2.651283    
         178   14892.00      -5613.468       14885.28       2.652905    
         179   14770.00      -5610.799       14763.28       2.632423    
         181   14757.00      -5610.725       14750.28       2.630141    
         182   14478.00      -5609.100       14471.28       2.581163    
         183   14429.00      -5608.759       14422.28       2.572583    
         185   13970.00      -5606.581       13963.28       2.491715    
         187   13832.00      -5603.608       13825.29       2.468410    
         189   13733.00      -5601.730       13726.29       2.451564    
         192   13718.00      -5601.458       13711.29       2.449005    
         194   13555.00      -5599.790       13548.29       2.420627    
         195   13511.00      -5599.161       13504.29       2.413040    
         196   13511.00      -5599.099       13504.29       2.413067    
         197   13422.00      -5598.423       13415.29       2.397461    
         200   13353.00      -5597.226       13346.30       2.385646    
         203   13098.00      -5592.112      -195500.7       2.342228    
         204   12732.00      -5590.517      -195807.2       2.277428    
         206   12366.00      -5586.696      -196030.7       2.213473    
         208   12291.00      -5585.925      -196076.9       2.200352    
         209   12167.00      -5585.650      -196190.7       2.178260    
         212   12046.00      -5584.183      -196256.9       2.157164    
         214   11675.00      -5582.893      -196579.8       2.091210    
         215   11431.00      -5577.879      -196636.8       2.049345    
         218   11332.00      -5576.802      -196695.6       2.031989    
         219   11010.00      -5572.486      -196856.6       1.975779    
         236   10837.00      -5571.586      -196996.1       1.945047    
         237   10767.00      -5569.974      -197005.9       1.933043    
         238   10522.00      -5565.357      -197078.7       1.890625    
         239   10492.00      -5565.306      -197106.8       1.885251    
         240   10462.00      -5565.761      -197153.8       1.879707    
         241   10339.00      -5564.040      -197212.6       1.858182    
         242   10063.00      -5563.746      -197477.6       1.808674    
         244   9967.000      -5561.258      -197480.8       1.792220    
         246   9734.000      -5559.886      -197662.6       1.750755    
         250   9546.000      -5557.422      -197758.7       1.717703    
         251   9273.000      -5553.016       9264.090       1.669904    
         253   9271.000      -5551.623       9262.092       1.669962    
         255   9245.000      -5551.015       9236.093       1.665461    
         258   9145.000      -5550.472       9136.094       1.647608    
         259   9145.000      -5549.544       9136.096       1.647883    
         263   8953.000      -5548.663       8944.097       1.613542    
         264   8823.000      -5546.108       8814.101       1.590845    
         266   8801.000      -5541.500       8792.108       1.588198    
         269   8471.000      -5535.750       8462.117       1.530235    
         272   8225.000      -5534.380       8216.120       1.486165    
         273   8145.000      -5532.656       8136.123       1.472168    
         274   8099.000      -5531.029       8090.125       1.464285    
         275   7855.000      -5525.875       7846.133       1.421494    
         276   7692.000      -5524.511       7683.136       1.392340    
         278   7397.000      -5517.118       7388.147       1.340736    
         281   7364.000      -5516.742       7355.148       1.334846    
         288   7355.000      -5515.883       7346.149       1.333422    
         289   7251.000      -5512.725       7242.154       1.315321    
         294   7189.000      -5510.841       7180.158       1.304520    
         296   7111.000      -5510.262       7102.158       1.290501    
         298   7041.000      -5506.503      -107862.0       1.278670    
         300   6942.000      -5504.268      -107914.4       1.261203    
         301   6792.000      -5500.047      -107976.3       1.234899    
         304   6736.000      -5498.485      -107999.7       1.225065    
         311   6673.000      -5496.684      -108025.1       1.214005    
         313   6462.000      -5491.283      -108123.4       1.176774    
         315   6448.000      -5491.172      -108135.1       1.174248    
         318   6289.000      -5488.241      -108233.0       1.145904    
         319   6244.000      -5486.330      -108238.1       1.138101    
         321   6103.000      -5481.622      -108280.8       1.113357    
         323   6006.000      -5481.393      -108373.1       1.095707    
         325   5877.000      -5476.854      -108407.3       1.073061    
         326   5740.000      -5473.250      -108469.2       1.048737    
         339   5597.000      -5467.075      -108483.3       1.023765    
         343   5534.000      -5466.385      -108531.9       1.012369    
         354   5472.000      -5464.639      -108557.5       1.001347    
         361   5440.000      -5464.306      -108582.5      0.9955518    
         362   5374.000      -5463.690      -108635.7      0.9835843    
         366   5241.000      -5462.081      -108735.1      0.9595244    
         367   5229.000      -5461.723      -108739.6      0.9573902    
         368   5147.000      -5458.863       5140.303      0.9428704    
         369   5055.000      -5457.506       5048.304      0.9262472    
         370   5055.000      -5455.454       5048.307      0.9265956    
         373   5047.000      -5454.634       5040.308      0.9252684    
         375   4940.000      -5453.278       4933.310      0.9058772    
         376   4940.000      -5452.816       4933.310      0.9059538    
         378   4880.000      -5452.480       4873.311      0.8950055    
         380   4830.000      -5449.948       4823.313      0.8862469    
         381   4708.000      -5448.069       4701.316      0.8641593    
         382   4599.000      -5447.009       4592.317      0.8443165    
         384   4510.000      -5443.990       4503.321      0.8284366    
         387   4396.000      -5442.124       4389.323      0.8077729    
         391   4250.000      -5440.895       4243.325      0.7811216    
         392   4244.000      -5440.522       4237.325      0.7800722    
         393   4230.000      -5438.463       4223.328      0.7777932    
         394   4080.000      -5437.244       4073.329      0.7503802    
         395   4051.000      -5436.313       4044.330      0.7451741    
         396   3981.000      -5434.726       3974.332      0.7325116    
         398   3963.000      -5434.210       3956.333      0.7292688    
         399   3930.000      -5430.129       3923.338      0.7237397    
         400   3770.000      -5421.499      -127416.4      0.6953796    
         401   3653.000      -5418.274      -127455.4      0.6741999    
         405   3633.000      -5417.946      -127467.4      0.6705493    
         409   3642.000      -5418.874      -127480.9      0.6720954    
         416   3606.000      -5418.361      -127504.5      0.6655149    
         418   3507.000      -5417.266      -127577.0      0.6473745    
         420   3459.000      -5416.889      -127615.9      0.6385584    
         422   3434.000      -5416.489      -127631.2      0.6339900    
         430   3285.000      -5414.252      -127726.1      0.6067320    
         433   3224.000      -5413.480      -127768.4      0.5955504    
         435   2993.000      -5411.523      -127952.0      0.5530791    
         437   2956.000      -5411.017      -127976.8      0.5462929    
         441   2896.000      -5410.311      -128019.7      0.5352743    
         444   2955.000      -5416.228      -128103.8      0.5455827    
         461   2918.000      -5415.443      -128121.9      0.5388294    
         467   2916.000      -5416.331      -128145.3      0.5383719    
         473   2861.000      -5414.165      -128147.9      0.5284287    
         475   2795.000      -5412.198      -128166.3      0.5164261    
         477   2765.000      -5411.232      -128173.0      0.5109742    
         478   2679.000      -5410.738      -128247.0      0.4951266    
         481   2624.000      -5410.234       2606.725      0.4850067    
         482   2618.000      -5408.944       2600.729      0.4840131    
         483   2566.000      -5409.003       2548.729      0.4743943    
         484   2530.000      -5407.334       2512.735      0.4678831    
         486   2486.000      -5406.726       2468.737      0.4597977    
         488   2458.000      -5403.244       2440.748      0.4549119    
         490   2399.000      -5401.022       2381.755      0.4441752    
         492   2398.000      -5400.722       2380.756      0.4440147    
         493   2274.000      -5396.656       2256.769      0.4213720    
         495   2172.000      -5395.670       2154.772      0.4025450    
         497   2132.000      -5395.212       2114.773      0.3951652    
         498   2131.000      -5388.958       2113.793      0.3954383    
         499   2067.000      -5385.920       2049.803      0.3837784    
         501   2067.000      -5384.633       2049.807      0.3838702    
         502   2031.000      -5383.180       2013.812      0.3772863    
         504   1929.000      -5379.853       1911.822      0.3585600    
         505   1865.000      -5375.236       1847.837      0.3469615    
         508   1853.000      -5373.959       1835.841      0.3448110    
         509   1818.000      -5366.652       1800.865      0.3387587    
         510   1774.000      -5365.595       1756.868      0.3306250    
         511   1748.000      -5364.921      -19232.90      0.3258202    
         516   1738.000      -5364.999      -19243.20      0.3239516    
         517   1726.000      -5363.527      -19249.45      0.3218032    
         520   1611.000      -5357.033      -19339.05      0.3007261    
         523   1577.000      -5353.574      -19359.52      0.2945696    
         524   1534.000      -5354.047      -19404.37      0.2865123    
         530   1514.000      -5350.472      -19410.39      0.2829657    
         538   1484.000      -5349.012      -19434.68      0.2774344    
         544   1369.000      -5347.400      -19543.38      0.2560123    
         548   1358.000      -5345.553      -19547.15      0.2540429    
         556   1320.000      -5343.333      -19576.47      0.2470368    
         560   1307.000      -5343.190      -19588.91      0.2446104    
         561   1273.000      -5339.190      -19607.27      0.2384257    
         563   1257.000      -5338.481      -19620.50      0.2354602    
         564   1233.000      -5336.213      -19635.63      0.2310627    
         566   1229.000      -5336.005      -19638.82      0.2303221    
         573   1172.000      -5332.012      -19680.20      0.2198045    
         575   1141.000      -5332.008      -19711.18      0.2139907    
         576   1137.000      -5331.622      -19713.67      0.2132559    
         578   1121.000      -5330.021      -19723.41      0.2103181    
         583   1118.000      -5329.501       1101.692      0.2097757    
         584   1118.000      -5329.365       1101.692      0.2097811    
         585   1097.000      -5328.502       1080.695      0.2058740    
         588   1097.000      -5328.211       1080.696      0.2058852    
         590   1061.000      -5321.177       1044.718      0.1993920    
         591   1053.000      -5319.567       1036.722      0.1979484    
         592   1033.000      -5316.138       1016.733      0.1943140    
         593   1033.000      -5315.267       1016.736      0.1943458    
         594   961.0000      -5314.120       944.7391      0.1808390    
         598   940.0000      -5312.227       923.7449      0.1769503    
         599   926.0000      -5309.268       909.7539      0.1744120    
         604   894.0000      -5307.850       877.7582      0.1684298    
         609   894.0000      -5307.640       877.7589      0.1684364    
         611   885.0000      -5306.188       868.7633      0.1667864    
         616   880.0000      -5306.036       863.7638      0.1658489    
         618   867.0000      -5302.393       850.7750      0.1635111    
         619   866.0000      -5298.282       849.7875      0.1634492    
         622   850.0000      -5297.753       833.7891      0.1604454    
         626   828.0000      -5293.256       811.8029      0.1564254    
         632   791.0000      -5291.248       774.8091      0.1494921    
         634   784.0000      -5289.253      -9162.524      0.1482251    
         640   766.0000      -5286.716      -9175.753      0.1448915    
         642   752.0000      -5284.035      -9184.711      0.1423155    
         643   740.0000      -5282.257      -9193.368      0.1400916    
         649   717.0000      -5280.691      -9213.423      0.1357777    
         653   695.0000      -5279.038      -9232.313      0.1316528    
         655   650.0000      -5277.012      -9273.504      0.1231758    
         657   634.0000      -5276.233      -9288.039      0.1201615    
         659   597.0000      -5274.554      -9321.883      0.1131849    
         662   578.0000      -5273.671      -9339.223      0.1096011    
         665   553.0000      -5271.587      -9360.304      0.1049020    
         669   546.0000      -5268.826      -9362.110      0.1036284    
         670   531.0000      -5263.888      -9367.825      0.1008760    
         678   507.0000      -5262.887      -9389.943      9.6334957E-02
         680   502.0000      -5262.070      -9393.406      9.5399722E-02
         693   490.0000      -5261.221      -9403.810      9.3134269E-02
         696   490.0000      -5263.003      -9407.160      9.3102738E-02
         702   493.0000      -5266.611      -9410.945      9.3608588E-02
         708   476.0000      -5265.036      -9424.983      9.0407737E-02
         710   445.0000      -5262.193      -9450.639      8.4565498E-02
         711   429.0000      -5258.414       406.2211      8.1583537E-02
         712   426.0000      -5256.542       403.2292      8.1041880E-02
         714   422.0000      -5253.855       399.2408      8.0321968E-02
         718   410.0000      -5251.902       387.2493      7.8066960E-02
         724   403.0000      -5250.111       380.2570      7.6760285E-02
         728   402.0000      -5249.563       379.2594      7.6577798E-02
         730   402.0000      -5245.804       379.2757      7.6632679E-02
         735   388.0000      -5243.265       365.2867      7.3999688E-02
         736   380.0000      -5242.878       357.2884      7.2479278E-02
         737   379.0000      -5242.969       356.2880      7.2287291E-02
         739   366.0000      -5241.461       343.2945      6.9827855E-02
         781   364.0000      -5239.177       341.3044      6.9476560E-02
         784   345.0000      -5234.338       322.3254      6.5910913E-02
         786   319.0000      -5232.941       296.3315      6.0959980E-02
         789   317.0000      -5232.627       294.3328      6.0581427E-02
         791   300.0000      -5231.483       277.3378      5.7345111E-02
         794   295.0000      -5226.763       272.3582      5.6440290E-02
         795   289.0000      -5226.416       266.3597      5.5296019E-02
         796   288.0000      -5223.591       265.3719      5.5134486E-02
         798   288.0000      -5219.742       265.3886      5.5175141E-02
         799   287.0000      -5219.953      -3252.850      5.4981336E-02
         802   286.0000      -5220.051      -3253.917      5.4788738E-02
         805   279.0000      -5218.644      -3259.963      5.3462163E-02
         810   267.0000      -5215.915      -3270.112      5.1189490E-02
         811   265.0000      -5215.234      -3271.650      5.0812677E-02
         816   263.0000      -5215.042      -3273.520      5.0431047E-02
         818   259.0000      -5211.656      -3275.224      4.9696300E-02
         829   247.0000      -5207.694      -3284.537      4.7429822E-02
         833   239.0000      -5206.018      -3291.400      4.5908414E-02
         836   230.0000      -5205.695      -3300.182      4.4182379E-02
         837   219.0000      -5205.196      -3310.843      4.2073347E-02
         839   216.0000      -5201.919      -3311.621      4.1523140E-02
         847   215.0000      -5200.179      -3311.441      4.1344728E-02
         856   201.0000      -5198.769      -3324.485      3.8663000E-02
         861   192.0000      -5190.845      -3328.111      3.6988195E-02
         863   188.0000      -5189.622      -3331.282      3.6226146E-02
         864   183.0000      -5186.075      -3333.876      3.5286799E-02
         868   181.0000      -5184.867      -3335.057      3.4909286E-02
         875   175.0000      -5182.384      -3339.374      3.3768240E-02
         879   174.0000      -5181.947      -3340.077      3.3578113E-02
         889   173.0000      -5180.686       158.5416      3.3393260E-02
         890   170.0000      -5180.155       155.5431      3.2817550E-02
         892   169.0000      -5176.745       154.5526      3.2645997E-02
         902   157.0000      -5175.646       142.5557      3.0334378E-02
         905   157.0000      -5174.797       142.5581      3.0339353E-02
         909   155.0000      -5172.115       140.5655      2.9968396E-02
         910   155.0000      -5171.915       140.5661      2.9969556E-02
         919   150.0000      -5169.255       135.5735      2.9017719E-02
         920   147.0000      -5168.422       132.5759      2.8441949E-02
         922   143.0000      -5165.629       128.5836      2.7682977E-02
         923   136.0000      -5168.906       121.5745      2.6311176E-02
         928   136.0000      -5167.857       121.5774      2.6316516E-02
         933   136.0000      -5166.969       121.5799      2.6321042E-02
         934   132.0000      -5166.720       117.5806      2.5548125E-02
         935   130.0000      -5161.368       115.5955      2.5187120E-02
         936   130.0000      -5157.776       115.6056      2.5204660E-02
         943   124.0000      -5157.048       109.6076      2.4044765E-02
         945   117.0000      -5150.007       102.6272      2.2718417E-02
         946   114.0000      -5147.334       99.63470      2.2147385E-02
         952   114.0000      -5146.589       99.63678      2.2150595E-02
         967   111.0000      -5145.636      -1964.069      2.1571679E-02
         988   108.0000      -5145.444      -1966.992      2.0989440E-02
         997   107.0000      -5145.780      -1968.127      2.0793738E-02
         998   99.00000      -5144.478      -1975.602      1.9243937E-02
        1020   97.00000      -5141.116      -1976.247      1.8867500E-02
        1025   95.00000      -5140.741      -1978.095      1.8479828E-02
        1034   86.00000      -5140.895      -1987.157      1.6728604E-02
        1049   83.00000      -5140.281      -1989.910      1.6146978E-02
        1057   77.00000      -5138.741      -1995.289      1.4984216E-02
        1059   76.00000      -5136.618      -1995.433      1.4795727E-02
        1061   74.00000      -5136.218      -1997.271      1.4407488E-02
        1064   58.00000      -5135.720      -2013.071      1.1293450E-02
        1069   58.00000      -5135.674      -2013.052      1.1293552E-02
        1074   57.00000      -5134.742      -2013.676      1.1100849E-02
        1077   55.00000      -5133.563      -2015.201      1.0713806E-02
        1116   48.00000      -5132.643      -2021.830      9.3519073E-03
        1145   45.00000      -5131.808      -2024.493      8.7688388E-03
        1161   43.00000      -5131.951      -2026.551      8.3788801E-03
        1163   36.00000      -5131.801      -2033.490      7.0150816E-03
        1213   34.00000      -5131.546      -2035.387      6.6256830E-03
        1223   32.00000      -5131.002      -10.98653      6.2365988E-03
        1232   30.00000      -5127.975      -12.96116      5.8502629E-03
        1233   30.00000      -5125.935      -12.94408      5.8525908E-03
        1238   30.00000      -5122.259      -12.91328      5.8567906E-03
        1239   30.00000      -5121.375      -12.90588      5.8578015E-03
        1246   24.00000      -5119.841      -18.89302      4.6876455E-03
        1257   22.00000      -5118.813      -20.88441      4.2978711E-03
        1271   22.00000      -5116.545      -20.86541      4.2997762E-03
        1292   21.00000      -5112.750      -21.83362      4.1073784E-03
        1294   21.00000      -5112.078      -21.82799      4.1079186E-03
        1296   21.00000      -5112.218      -21.82916      4.1078059E-03
