 step, chi2, energy, chi2-energy, chi2/energy, alpha weight, beta weight
           1   24564.00      -5700.630       24560.26       4.308998    
           1   24444.00      -5696.516       24440.26       4.291044    
           2   24351.00      -5695.134       24347.26       4.275755    
           4   24218.00      -5692.256       24214.26       4.254552    
           7   23710.00      -5689.825       23706.26       4.167088    
           9   22986.00      -5684.632       22982.27       4.043533    
          10   22867.00      -5683.106       22863.27       4.023680    
          13   22502.00      -5682.008       22498.27       3.960220    
          14   22202.00      -5679.340       22198.27       3.909257    
          18   21944.00      -5677.467       21940.27       3.865104    
          21   21906.00      -5676.470       21902.27       3.859089    
          23   21592.00      -5674.269       21588.27       3.805248    
          25   21283.00      -5671.986       21279.28       3.752301    
          26   21238.00      -5669.250       21234.28       3.746174    
          30   21219.00      -5668.163       21215.28       3.743541    
          31   20957.00      -5665.907       20953.28       3.698790    
          32   20754.00      -5663.635       20750.28       3.664431    
          35   20404.00      -5663.101       20400.28       3.602973    
          37   20279.00      -5659.422       20275.28       3.583228    
          38   20241.00      -5654.835       20237.29       3.579415    
          41   20147.00      -5652.738       20143.29       3.564113    
          43   19958.00      -5649.097       19954.29       3.532954    
          45   19955.00      -5646.372       19951.29       3.534128    
          49   19886.00      -5643.458       19882.29       3.523726    
          50   19540.00      -5641.531       19536.29       3.463599    
          52   19522.00      -5637.131       19518.30       3.463109    
          53   19480.00      -5635.258       19476.30       3.456807    
          57   19472.00      -5631.811       19468.30       3.457502    
          59   19253.00      -5630.383       19249.30       3.419483    
          60   19124.00      -5626.253       19120.31       3.399065    
          64   18999.00      -5620.187       18995.31       3.380492    
          65   18861.00      -5616.650       18857.31       3.358052    
          66   18682.00      -5615.601       18678.31       3.326803    
          69   18640.00      -5612.734       18636.31       3.321019    
          70   18553.00      -5611.506       18549.32       3.306243    
          73   18294.00      -5610.317       18290.32       3.260778    
          75   17934.00      -5606.671       17930.32       3.198689    
          76   17934.00      -5605.663       17930.32       3.199265    
          78   17761.00      -5601.271       17757.32       3.170888    
          79   17689.00      -5599.432       17685.32       3.159071    
          81   17689.00      -5599.321       17685.32       3.159133    
          83   17487.00      -5598.712       17483.32       3.123397    
          88   17280.00      -5592.409       17276.33       3.089903    
          89   17243.00      -5590.907       17239.33       3.084115    
          90   17209.00      -5589.071       17205.33       3.079045    
          93   16983.00      -5586.455       16979.33       3.040032    
          94   16733.00      -5583.245       16729.33       2.997003    
          98   16575.00      -5582.625       16571.33       2.969033    
         101   16423.00      -5581.735       16419.34       2.942275    
         102   16419.00      -5578.981       16415.34       2.943011    
         103   16299.00      -5576.728       16295.34       2.922682    
         104   15937.00      -5574.997       15933.34       2.858656    
         105   15765.00      -5569.448       15761.34       2.830621    
         107   15756.00      -5568.005       15752.34       2.829739    
         109   15604.00      -5564.931       15600.35       2.803988    
         111   15390.00      -5563.461       15386.35       2.766263    
         113   15390.00      -5563.234       15386.35       2.766376    
         115   15256.00      -5561.873       15252.35       2.742961    
         116   15091.00      -5560.955       15087.35       2.713742    
         117   14844.00      -5563.161       14840.35       2.668267    
         118   14844.00      -5562.749       14840.35       2.668465    
         119   14821.00      -5558.554       14817.35       2.666341    
         120   14779.00      -5553.279       14775.35       2.661311    
         121   14777.00      -5550.997       14773.36       2.662045    
         123   14595.00      -5548.966       14591.36       2.630220    
         124   14433.00      -5548.426       14429.36       2.601278    
         125   14356.00      -5546.932       14352.36       2.588098    
         126   14169.00      -5544.417       14165.36       2.555544    
         127   14147.00      -5542.171       14143.36       2.552610    
         129   14021.00      -5536.132       14017.37       2.532634    
         130   13812.00      -5530.494       13808.37       2.497426    
         132   13163.00      -5524.680       13159.37       2.382581    
         134   13153.00      -5524.354       13149.37       2.380912    
         135   13005.00      -5521.950       13001.37       2.355146    
         136   12789.00      -5517.547       12785.38       2.317878    
         137   12775.00      -5516.587       12771.38       2.315743    
         138   12659.00      -5514.082       12655.38       2.295758    
         139   12549.00      -5512.864       12545.38       2.276312    
         140   12301.00      -5507.977       12297.38       2.233306    
         143   12111.00      -5503.187       12107.39       2.200725    
         144   11505.00      -5498.890       11501.39       2.092240    
         148   11495.00      -5497.485       11491.39       2.090956    
         150   11388.00      -5494.916       11384.39       2.072461    
         151   11245.00      -5492.289       11241.39       2.047416    
         152   11094.00      -5489.262       11090.40       2.021037    
         153   10972.00      -5488.574       10968.40       1.999062    
         154   10685.00      -5487.197       10681.40       1.947260    
         155   10633.00      -5484.000       10629.40       1.938913    
         157   10469.00      -5481.667       10465.40       1.909821    
         159   10236.00      -5480.088       10232.40       1.867853    
         160   10236.00      -5478.820       10232.40       1.868286    
         161   10199.00      -5476.778       10195.40       1.862226    
         162   10152.00      -5474.134       10148.41       1.854540    
         164   10152.00      -5472.058       10148.41       1.855244    
         166   10099.00      -5467.912       10095.41       1.846957    
         167   9829.000      -5460.696       9825.414       1.799954    
         168   9829.000      -5460.666       9825.414       1.799964    
         169   9802.000      -5459.295       9798.415       1.795470    
         171   9795.000      -5457.181       9791.417       1.794883    
         174   9775.000      -5452.279       9771.420       1.792828    
         175   9769.000      -5450.837       9765.421       1.792202    
         178   9664.000      -5449.965       9660.422       1.773222    
         179   9608.000      -5447.743       9604.423       1.763666    
         180   9453.000      -5446.486       9449.424       1.735614    
         181   9262.000      -5442.849       9258.426       1.701682    
         182   9165.000      -5441.144       9161.428       1.684389    
         183   9036.000      -5437.732       9032.430       1.661722    
         184   8918.000      -5434.616       8914.432       1.640962    
         187   8865.000      -5430.722       8861.435       1.632380    
         188   8831.000      -5429.986       8827.435       1.626339    
         190   8799.000      -5427.775       8795.437       1.621106    
         193   8771.000      -5425.701       8767.438       1.616565    
         194   8771.000      -5425.623       8767.438       1.616588    
         195   8618.000      -5422.923       8614.439       1.589180    
         197   8566.000      -5422.094       8562.439       1.579833    
         199   8463.000      -5418.801       8459.442       1.561785    
         200   8340.000      -5419.706       8336.441       1.538829    
         202   8134.000      -5418.714       8130.442       1.501094    
         203   8012.000      -5417.262       8008.443       1.478976    
         204   7926.000      -5409.642       7922.448       1.465162    
         206   7926.000      -5409.096       7922.448       1.465310    
         207   7866.000      -5404.244       7862.452       1.455523    
         210   7799.000      -5401.806       7795.453       1.443776    
         211   7799.000      -5401.591       7795.453       1.443834    
         213   7558.000      -5400.294       7554.454       1.399553    
         214   7522.000      -5400.131       7518.454       1.392929    
         217   7271.000      -5397.059       7267.456       1.347215    
         218   7104.000      -5395.489       7100.458       1.316656    
         219   7019.000      -5393.425       7015.458       1.301399    
         221   6842.000      -5391.767       6838.460       1.268972    
         222   6704.000      -5389.446       6700.461       1.243913    
         223   6634.000      -5388.800       6630.462       1.231072    
         224   6552.000      -5384.066       6548.465       1.216924    
         225   6536.000      -5383.292       6532.465       1.214127    
         226   6342.000      -5380.989       6338.467       1.178594    
         228   6308.000      -5376.196       6304.470       1.173320    
         229   6184.000      -5374.744       6180.471       1.150566    
         232   6154.000      -5372.652       6150.472       1.145431    
         234   6154.000      -5370.367       6150.474       1.145918    
         238   6147.000      -5369.470       6143.475       1.144806    
         239   6085.000      -5366.841       6081.476       1.133814    
         240   5865.000      -5363.553       5861.479       1.093492    
         241   5775.000      -5362.763       5771.479       1.076870    
         246   5775.000      -5362.609       5771.479       1.076901    
         250   5775.000      -5362.505       5771.479       1.076922    
         253   5775.000      -5362.259       5771.479       1.076971    
         254   5715.000      -5359.784       5711.481       1.066274    
         255   5715.000      -5357.916       5711.482       1.066646    
         256   5638.000      -5354.792       5634.484       1.052889    
         260   5590.000      -5352.855       5586.485       1.044303    
         261   5497.000      -5352.599       5493.485       1.026978    
         262   5428.000      -5348.647       5424.488       1.014836    
         263   5383.000      -5344.431       5379.491       1.007217    
         265   5377.000      -5343.703       5373.491       1.006231    
         266   5368.000      -5342.468       5364.492       1.004779    
         267   5253.000      -5341.921       5249.493      0.9833540    
         270   5231.000      -5337.880       5227.495      0.9799770    
         273   5221.000      -5337.482       5217.496      0.9781765    
         275   5165.000      -5334.723       5161.497      0.9681853    
         276   5128.000      -5329.813       5124.500      0.9621351    
         277   5037.000      -5324.364       5033.504      0.9460285    
         279   4984.000      -5323.176       4980.505      0.9362832    
         280   4894.000      -5321.967       4890.505      0.9195849    
         282   4803.000      -5317.286       4799.509      0.9032803    
         286   4751.000      -5316.449       4747.509      0.8936416    
         287   4743.000      -5315.270       4739.510      0.8923347    
         288   4555.000      -5313.207       4551.511      0.8572977    
         291   4527.000      -5311.660       4523.512      0.8522759    
         292   4493.000      -5309.405       4489.514      0.8462342    
         293   4431.000      -5305.053       4427.517      0.8352414    
         294   4337.000      -5305.256       4333.517      0.8174912    
         297   4337.000      -5306.901       4333.516      0.8172378    
         299   4262.000      -5305.406       4258.517      0.8033315    
         300   4255.000      -5300.174       4251.520      0.8028038    
         301   4252.000      -5298.632       4248.521      0.8024712    
         303   4247.000      -5295.026       4243.523      0.8020735    
         306   4238.000      -5293.785       4234.524      0.8005615    
         310   4201.000      -5291.532       4197.525      0.7939099    
         311   4149.000      -5290.273       4145.526      0.7842696    
         318   4149.000      -5287.216       4145.528      0.7847230    
         325   4077.000      -5286.801       4073.529      0.7711657    
         326   4019.000      -5281.335       4015.532      0.7609819    
         328   4015.000      -5280.728       4011.533      0.7603119    
         329   3969.000      -5279.246       3965.534      0.7518119    
         333   3820.000      -5278.463       3816.534      0.7236955    
         339   3730.000      -5276.979       3726.535      0.7068439    
         340   3688.000      -5271.691       3684.539      0.6995858    
         342   3666.000      -5268.976       3662.540      0.6957709    
         344   3579.000      -5267.151       3575.542      0.6794944    
         345   3509.000      -5264.616       3505.543      0.6665253    
         347   3404.000      -5262.934       3400.544      0.6467876    
         348   3330.000      -5260.772       3326.546      0.6329869    
         351   3248.000      -5259.499       3244.547      0.6175493    
         353   3215.000      -5259.087       3211.547      0.6113228    
         355   3100.000      -5257.095       3096.548      0.5896792    
         356   3100.000      -5259.060       3096.547      0.5894589    
         357   3076.000      -5256.083       3072.549      0.5852266    
         358   3035.000      -5256.083       3031.549      0.5774261    
         362   2995.000      -5254.532       2991.550      0.5699841    
         363   2969.000      -5252.638       2965.551      0.5652398    
         364   2967.000      -5251.881       2963.552      0.5649404    
         366   2927.000      -5249.612       2923.553      0.5575650    
         368   2910.000      -5246.479       2906.555      0.5546578    
         369   2859.000      -5244.651       2855.556      0.5451268    
         370   2858.000      -5242.840       2854.558      0.5451244    
         372   2778.000      -5238.380       2774.561      0.5303167    
         375   2778.000      -5237.167       2774.561      0.5304394    
         376   2739.000      -5235.966       2735.562      0.5231127    
         377   2640.000      -5234.021       2636.563      0.5043924    
         378   2617.000      -5233.242       2613.564      0.5000724    
         381   2607.000      -5231.835       2603.565      0.4982955    
         382   2580.000      -5229.115       2576.567      0.4933914    
         385   2547.000      -5227.240       2543.568      0.4872552    
         386   2505.000      -5223.976       2501.570      0.4795198    
         387   2499.000      -5222.483       2495.571      0.4785080    
         388   2476.000      -5218.063       2472.574      0.4745055    
         395   2379.000      -5214.757       2375.576      0.4562054    
         397   2361.000      -5214.559       2357.576      0.4527708    
         399   2325.000      -5212.961       2321.577      0.4460037    
         404   2310.000      -5212.561       2306.577      0.4431603    
         408   2288.000      -5211.602       2284.578      0.4390205    
         409   2288.000      -5210.719       2284.579      0.4390948    
         411   2252.000      -5207.523       2248.581      0.4324513    
         417   2234.000      -5205.971       2230.582      0.4291226    
         418   2186.000      -5204.500       2182.583      0.4200211    
         422   2176.000      -5205.237       2172.582      0.4180405    
         423   2111.000      -5200.747       2107.585      0.4059032    
         425   2075.000      -5199.910       2071.586      0.3990454    
         429   2065.000      -5199.152       2061.586      0.3971802    
         431   2021.000      -5195.253       2017.589      0.3890090    
         441   1978.000      -5193.785       1974.590      0.3808398    
         442   1970.000      -5188.561       1966.593      0.3796814    
         443   1954.000      -5187.510       1950.594      0.3766740    
         447   1932.000      -5184.131       1928.596      0.3726757    
         448   1904.000      -5182.344       1900.597      0.3674013    
         450   1851.000      -5180.610       1847.598      0.3572938    
         451   1851.000      -5176.805       1847.601      0.3575565    
         453   1779.000      -5176.063       1775.601      0.3436975    
         461   1771.000      -5175.616       1767.602      0.3421815    
         462   1755.000      -5174.803       1751.602      0.3391434    
         464   1701.000      -5173.845       1697.603      0.3287691    
         467   1701.000      -5172.969       1697.603      0.3288247    
         468   1696.000      -5172.292       1692.604      0.3279011    
         471   1680.000      -5165.501       1676.608      0.3252347    
         472   1667.000      -5163.292       1663.610      0.3228560    
         474   1652.000      -5159.569       1648.612      0.3201818    
         478   1621.000      -5158.066       1617.613      0.3142651    
         480   1585.000      -5157.348       1581.614      0.3073285    
         481   1569.000      -5156.353       1565.614      0.3042849    
         483   1545.000      -5157.207       1541.614      0.2995808    
         487   1521.000      -5154.925       1517.615      0.2950577    
         489   1456.000      -5153.191       1452.616      0.2825434    
         493   1414.000      -5150.759       1410.618      0.2745226    
         494   1414.000      -5149.574       1410.619      0.2745858    
         497   1348.000      -5147.541       1344.620      0.2618726    
         500   1326.000      -5145.968       1322.621      0.2576775    
         501   1315.000      -5144.459       1311.622      0.2556148    
         503   1248.000      -5143.448       1244.623      0.2426388    
         504   1246.000      -5140.603       1242.625      0.2423840    
         510   1235.000      -5139.683       1231.625      0.2402872    
         518   1235.000      -5139.649       1231.625      0.2402888    
         521   1234.000      -5138.373       1230.626      0.2401539    
         523   1215.000      -5137.437       1211.627      0.2364993    
         524   1213.000      -5134.012       1209.629      0.2362675    
         525   1185.000      -5133.528       1181.629      0.2308354    
         526   1178.000      -5131.320       1174.631      0.2295705    
         528   1128.000      -5132.042       1124.630      0.2197956    
         529   1114.000      -5131.601       1110.631      0.2170862    
         530   1100.000      -5130.974       1096.631      0.2143842    
         531   1100.000      -5130.460       1096.631      0.2144057    
         535   1096.000      -5133.477       1092.629      0.2135005    
         536   1094.000      -5135.569       1090.628      0.2130241    
         537   1088.000      -5132.766       1084.630      0.2119715    
         540   1052.000      -5135.872       1048.628      0.2048338    
         541   983.0000      -5127.182       979.6335      0.1917233    
         551   976.0000      -5125.866       972.6343      0.1904068    
         552   967.0000      -5121.938       963.6370      0.1887957    
         554   944.0000      -5121.690       940.6371      0.1843141    
         558   944.0000      -5120.891       940.6376      0.1843429    
         560   941.0000      -5120.644       937.6378      0.1837659    
         561   930.0000      -5119.980       926.6382      0.1816413    
         562   925.0000      -5118.994       921.6389      0.1806996    
         564   924.0000      -5115.339       920.6413      0.1806332    
         572   918.0000      -5115.410       914.6412      0.1794578    
         573   918.0000      -5113.385       914.6426      0.1795288    
         574   907.0000      -5108.920       903.6455      0.1775326    
         579   866.0000      -5105.835       862.6475      0.1696099    
         580   859.0000      -5098.161       855.6525      0.1684921    
         581   827.0000      -5096.962       823.6533      0.1622535    
         583   819.0000      -5095.710       815.6542      0.1607234    
         584   811.0000      -5094.022       807.6553      0.1592062    
         587   795.0000      -5092.766       791.6561      0.1561038    
         589   795.0000      -5091.520       791.6569      0.1561420    
         592   795.0000      -5090.586       791.6575      0.1561706    
         593   795.0000      -5090.269       791.6577      0.1561804    
         595   794.0000      -5088.067       790.6592      0.1560514    
         599   794.0000      -5087.842       790.6593      0.1560583    
         601   782.0000      -5083.695       778.6620      0.1538251    
         602   757.0000      -5083.217       753.6624      0.1489214    
         603   729.0000      -5080.500       725.6641      0.1434898    
         606   729.0000      -5076.691       725.6666      0.1435975    
         609   705.0000      -5076.463       701.6668      0.1388762    
         617   705.0000      -5073.761       701.6686      0.1389502    
         619   697.0000      -5073.211       693.6689      0.1373883    
         631   693.0000      -5077.441       689.6661      0.1364861    
         633   687.0000      -5076.098       683.6671      0.1353402    
         635   678.0000      -5072.663       674.6693      0.1336576    
         638   675.0000      -5067.869       671.6724      0.1331921    
         641   670.0000      -5066.837       666.6731      0.1322324    
         645   657.0000      -5066.078       653.6736      0.1296861    
         653   654.0000      -5064.559       650.6746      0.1291327    
         660   641.0000      -5061.992       637.6763      0.1266300    
         662   639.0000      -5058.920       635.6783      0.1263115    
         665   639.0000      -5060.040       635.6776      0.1262836    
         668   636.0000      -5058.833       632.6784      0.1257207    
         669   631.0000      -5058.214       627.6788      0.1247476    
         671   631.0000      -5056.517       627.6799      0.1247895    
         674   631.0000      -5055.987       627.6802      0.1248025    
         686   603.0000      -5054.839       599.6810      0.1192916    
         687   603.0000      -5054.724       599.6811      0.1192944    
         689   592.0000      -5053.431       588.6819      0.1171481    
         693   591.0000      -5048.173       587.6854      0.1170721    
         696   574.0000      -5046.731       570.6863      0.1137370    
         698   571.0000      -5043.775       567.6882      0.1132088    
         702   547.0000      -5042.931       543.6888      0.1084687    
         704   536.0000      -5041.595       532.6897      0.1063156    
         706   533.0000      -5039.437       529.6911      0.1057658    
         707   497.0000      -5037.062       493.6927      9.8668635E-02
         717   485.0000      -5032.463       481.6957      9.6374273E-02
         722   483.0000      -5032.090       479.6959      9.5983967E-02
         724   471.0000      -5028.779       467.6981      9.3660899E-02
         725   470.0000      -5024.689       466.7008      9.3538128E-02
         727   442.0000      -5021.095       438.7032      8.8028602E-02
         729   430.0000      -5018.753       426.7047      8.5678644E-02
         732   430.0000      -5018.075       426.7051      8.5690238E-02
         734   419.0000      -5009.551       415.7107      8.3640225E-02
         736   418.0000      -5005.250       414.7136      8.3512306E-02
         739   406.0000      -5002.051       402.7157      8.1166700E-02
         744   399.0000      -5001.022       395.7163      7.9783693E-02
         748   399.0000      -5000.008       395.7170      7.9799868E-02
         751   393.0000      -4997.253       389.7188      7.8643203E-02
         753   390.0000      -4994.850       386.7204      7.8080423E-02
         755   390.0000      -4994.905       386.7203      7.8079559E-02
         761   387.0000      -4991.160       383.7228      7.7537082E-02
         766   387.0000      -4987.528       383.7252      7.7593543E-02
         768   379.0000      -4985.811       375.7263      7.6015726E-02
         804   374.0000      -4984.490       370.7272      7.5032748E-02
         810   372.0000      -4980.104       368.7301      7.4697226E-02
         816   372.0000      -4980.040       368.7301      7.4698195E-02
         817   368.0000      -4977.578       364.7317      7.3931538E-02
         820   357.0000      -4976.975       353.7321      7.1730323E-02
         826   340.0000      -4973.876       336.7342      6.8357155E-02
         829   337.0000      -4971.648       333.7356      6.7784362E-02
         832   330.0000      -4967.518       326.7383      6.6431575E-02
         833   311.0000      -4966.288       307.7391      6.2622219E-02
         836   311.0000      -4962.857       307.7414      6.2665515E-02
         839   308.0000      -4962.643       304.7415      6.2063709E-02
         840   297.0000      -4963.261       293.7411      5.9839692E-02
         846   294.0000      -4961.510       290.7423      5.9256151E-02
         847   286.0000      -4959.559       282.7436      5.7666417E-02
         850   286.0000      -4958.631       282.7442      5.7677213E-02
         854   284.0000      -4958.878       280.7440      5.7271015E-02
         857   284.0000      -4958.667       280.7441      5.7273451E-02
         858   283.0000      -4955.172       279.7464      5.7112038E-02
         861   272.0000      -4954.850       268.7466      5.4895706E-02
         863   272.0000      -4950.362       268.7496      5.4945473E-02
         866   267.0000      -4946.909       263.7519      5.3973101E-02
         868   248.0000      -4945.325       244.7529      5.0148372E-02
         873   248.0000      -4944.670       244.7533      5.0155010E-02
         874   230.0000      -4940.800       226.7559      4.6551168E-02
         875   230.0000      -4936.337       226.7588      4.6593249E-02
         878   230.0000      -4934.888       226.7598      4.6606932E-02
         879   213.0000      -4933.212       209.7609      4.3176733E-02
         885   186.0000      -4930.799       182.7624      3.7722081E-02
         888   186.0000      -4930.020       182.7630      3.7728041E-02
         890   180.0000      -4926.960       176.7650      3.6533684E-02
         891   180.0000      -4926.431       176.7653      3.6537606E-02
         898   180.0000      -4925.560       176.7659      3.6544070E-02
         899   180.0000      -4925.646       176.7658      3.6543425E-02
         901   180.0000      -4923.892       176.7670      3.6556449E-02
         903   176.0000      -4922.515       172.7679      3.5754085E-02
         914   167.0000      -4921.596       163.7685      3.3932086E-02
         917   166.0000      -4921.403       162.7686      3.3730220E-02
         926   166.0000      -4918.352       162.7706      3.3751145E-02
         929   164.0000      -4919.173       160.7701      3.3338938E-02
         937   157.0000      -4919.173       153.7701      3.1915933E-02
         942   152.0000      -4919.596       148.7698      3.0896848E-02
         947   147.0000      -4917.743       143.7710      2.9891763E-02
         949   147.0000      -4915.915       143.7722      2.9902877E-02
         961   146.0000      -4915.359       142.7726      2.9702816E-02
         967   146.0000      -4914.087       142.7734      2.9710501E-02
         970   146.0000      -4913.972       142.7735      2.9711198E-02
         971   146.0000      -4912.150       142.7747      2.9722219E-02
         975   145.0000      -4909.293       141.7766      2.9535819E-02
         984   143.0000      -4907.010       139.7781      2.9141981E-02
         990   139.0000      -4902.826       135.7808      2.8350996E-02
         992   135.0000      -4900.539       131.7823      2.7547993E-02
         994   136.0000      -4894.398       132.7863      2.7786870E-02
         996   136.0000      -4894.209       132.7865      2.7787942E-02
        1005   136.0000      -4889.202       132.7897      2.7816402E-02
        1012   133.0000      -4886.302       129.7917      2.7218947E-02
        1013   126.0000      -4885.576       122.7921      2.5790203E-02
        1017   126.0000      -4883.491       122.7935      2.5801215E-02
        1023   123.0000      -4881.260       119.7950      2.5198413E-02
        1035   121.0000      -4881.745       117.7947      2.4786219E-02
        1053   121.0000      -4881.772       117.7946      2.4786079E-02
        1073   116.0000      -4881.188       112.7950      2.3764709E-02
        1120   117.0000      -4880.301       113.7956      2.3973931E-02
        1122   117.0000      -4878.239       113.7970      2.3984065E-02
        1124   106.0000      -4877.187       102.7976      2.1733839E-02
        1126   104.0000      -4872.532       100.8007      2.1344138E-02
        1148   100.0000      -4871.343       96.80148      2.0528220E-02
        1154   96.00000      -4861.415       92.80800      1.9747337E-02
        1160   96.00000      -4859.813       92.80905      1.9753845E-02
        1181   93.00000      -4858.864       89.80968      1.9140277E-02
        1235   92.00000      -4854.864       88.81230      1.8950067E-02
        1261   89.00000      -4853.454       85.81322      1.8337457E-02
        1263   87.00000      -4852.207       83.81405      1.7929986E-02
        1272   86.00000      -4851.417       82.81457      1.7726779E-02
        1273   86.00000      -4851.296       82.81464      1.7727222E-02
        1280   86.00000      -4850.979       82.81485      1.7728381E-02
        1285   84.00000      -4850.683       80.81505      1.7317150E-02
        1286   84.00000      -4850.594       80.81511      1.7317466E-02
        1291   82.00000      -4848.095       78.81675      1.6913859E-02
        1294   80.00000      -4847.695       76.81701      1.6502690E-02
        1301   80.00000      -4847.226       76.81731      1.6504284E-02
        1303   80.00000      -4847.513       76.81713      1.6503310E-02
        1307   80.00000      -4847.482       76.81715      1.6503414E-02
        1311   77.00000      -4845.169       73.81866      1.5892116E-02
        1316   77.00000      -4841.654       73.82098      1.5903657E-02
        1319   72.00000      -4840.482       68.82175      1.4874552E-02
        1327   72.00000      -4838.944       68.82275      1.4879280E-02
        1340   72.00000      -4838.661       68.82294      1.4880150E-02
        1343   70.00000      -4838.701       66.82291      1.4466694E-02
        1344   68.00000      -4838.601       64.82298      1.4053650E-02
        1355   68.00000      -4838.174       64.82326      1.4054890E-02
        1363   68.00000      -4837.979       64.82339      1.4055454E-02
        1364   68.00000      -4836.879       64.82411      1.4058652E-02
        1368   67.00000      -4837.812       63.82350      1.3849236E-02
