 step, chi2, energy, chi2-energy, chi2/energy, alpha weight, beta weight
           1   24564.00      -5700.630       24560.26       4.308998    
           1   24444.00      -5696.516       24440.26       4.291044    
           2   24351.00      -5695.134       24347.26       4.275755    
           4   24218.00      -5692.256       24214.26       4.254552    
           7   23710.00      -5689.825       23706.26       4.167088    
           9   22986.00      -5684.632       22982.27       4.043533    
          10   22867.00      -5683.106       22863.27       4.023680    
          13   22502.00      -5682.008       22498.27       3.960220    
          14   22202.00      -5679.340       22198.27       3.909257    
          18   21944.00      -5677.467       21940.27       3.865104    
          21   21906.00      -5676.470       21902.27       3.859089    
          23   21592.00      -5674.269       21588.27       3.805248    
          25   21283.00      -5671.986       21279.28       3.752301    
          26   21238.00      -5669.250       21234.28       3.746174    
          30   21219.00      -5668.163       21215.28       3.743541    
          31   20957.00      -5665.907       20953.28       3.698790    
          32   20754.00      -5663.635       20750.28       3.664431    
          35   20404.00      -5663.101       20400.28       3.602973    
          37   20279.00      -5659.422       20275.28       3.583228    
          38   20241.00      -5654.835       20237.29       3.579415    
          41   20147.00      -5652.738       20143.29       3.564113    
