 step, chi2, energy, chi2-energy, chi2/energy, alpha weight, beta weight
           1   24564.00      -5700.630       22692.49       4.308998    
           1   24444.00      -5696.516       22573.84       4.291044    
           2   24351.00      -5695.134       22481.29       4.275755    
           4   24218.00      -5692.256       22349.24       4.254552    
           7   23710.00      -5689.825       21842.03       4.167088    
           9   22986.00      -5684.632       21119.74       4.043533    
          10   22867.00      -5683.106       21001.24       4.023680    
          13   22502.00      -5682.008       20636.60       3.960220    
          14   22202.00      -5679.340       20337.48       3.909257    
          18   21944.00      -5677.467       20080.09       3.865104    
          21   21906.00      -5676.470       20042.42       3.859089    
          23   21592.00      -5674.269       19729.14       3.805248    
          25   21283.00      -5671.986       19420.89       3.752301    
          26   21238.00      -5669.250       19376.79       3.746174    
          30   21219.00      -5668.163       19358.14       3.743541    
          31   20957.00      -5665.907       19096.89       3.698790    
          32   20754.00      -5663.635       18894.63       3.664431    
          35   20404.00      -5663.101       18544.81       3.602973    
          37   20279.00      -5659.422       18421.02       3.583228    
          38   20241.00      -5654.835       18384.52       3.579415    
          41   20147.00      -5652.738       18918.36       3.564113    
          43   19958.00      -5649.097       18730.15       3.532954    
          45   19955.00      -5646.372       18727.74       3.534128    
          49   19886.00      -5643.458       18659.38       3.523726    
          50   19540.00      -5641.531       18313.79       3.463599    
          52   19522.00      -5637.131       18296.75       3.463109    
          53   19480.00      -5635.258       18255.16       3.456807    
          57   19472.00      -5631.811       18247.91       3.457502    
          59   19253.00      -5630.383       18029.22       3.419483    
          60   19124.00      -5626.253       17901.12       3.399065    
          64   18999.00      -5620.187       17777.43       3.380492    
          65   18861.00      -5616.650       17640.20       3.358052    
          66   18682.00      -5615.601       17461.43       3.326803    
          69   18640.00      -5612.734       17420.05       3.321019    
          70   18553.00      -5611.506       17333.32       3.306243    
          73   18294.00      -5610.317       17074.58       3.260778    
          75   17934.00      -5606.671       16715.37       3.198689    
          76   17934.00      -5605.663       16715.59       3.199265    
          78   17761.00      -5601.271       16543.54       3.170888    
          79   17689.00      -5599.432       16471.95       3.159071    
          81   17689.00      -5599.321       16886.65       3.159133    
          83   17487.00      -5598.712       16684.74       3.123397    
          88   17280.00      -5592.409       16478.64       3.089903    
          89   17243.00      -5590.907       16441.85       3.084115    
          90   17209.00      -5589.071       16408.12       3.079045    
          93   16983.00      -5586.455       16182.49       3.040032    
          94   16733.00      -5583.245       15932.95       2.997003    
          98   16575.00      -5582.625       15775.04       2.969033    
         101   16423.00      -5581.735       15623.17       2.942275    
         102   16419.00      -5578.981       15619.56       2.943011    
         103   16299.00      -5576.728       15499.89       2.922682    
         104   15937.00      -5574.997       15138.13       2.858656    
         105   15765.00      -5569.448       14966.93       2.830621    
         107   15756.00      -5568.005       14958.14       2.829739    
         109   15604.00      -5564.931       14806.58       2.803988    
         111   15390.00      -5563.461       14592.79       2.766263    
         113   15390.00      -5563.234       14592.82       2.766376    
         115   15256.00      -5561.873       14459.01       2.742961    
         116   15091.00      -5560.955       14294.15       2.713742    
         117   14844.00      -5563.161       14046.83       2.668267    
         118   14844.00      -5562.749       13029.72       2.668465    
         119   14821.00      -5558.554       13008.08       2.666341    
         120   14779.00      -5553.279       12967.81       2.661311    
         121   14777.00      -5550.997       12966.55       2.662045    
         123   14595.00      -5548.966       12785.21       2.630220    
         124   14433.00      -5548.426       12623.39       2.601278    
         125   14356.00      -5546.932       12546.88       2.588098    
         126   14169.00      -5544.417       12360.70       2.555544    
         127   14147.00      -5542.171       12339.43       2.552610    
         129   14021.00      -5536.132       12215.40       2.532634    
         130   13812.00      -5530.494       12008.24       2.497426    
         132   13163.00      -5524.680       11361.13       2.382581    
         134   13153.00      -5524.354       11351.24       2.380912    
         135   13005.00      -5521.950       11204.02       2.355146    
         136   12789.00      -5517.547       10989.46       2.317878    
         137   12775.00      -5516.587       10975.77       2.315743    
         138   12659.00      -5514.082       10860.59       2.295758    
         139   12549.00      -5512.864       10750.99       2.276312    
         140   12301.00      -5507.977       10504.58       2.233306    
         143   12111.00      -5503.187       10316.14       2.200725    
         144   11505.00      -5498.890       10891.57       2.092240    
         148   11495.00      -5497.485       10881.73       2.090956    
         150   11388.00      -5494.916       10775.01       2.072461    
         151   11245.00      -5492.289       10632.31       2.047416    
         152   11094.00      -5489.262       10481.65       2.021037    
         153   10972.00      -5488.574       10359.72       1.999062    
         154   10685.00      -5487.197       10072.88       1.947260    
         155   10633.00      -5484.000       10021.23       1.938913    
         157   10469.00      -5481.667       9857.492       1.909821    
         159   10236.00      -5480.088       9624.669       1.867853    
         160   10236.00      -5478.820       9624.810       1.868286    
         161   10199.00      -5476.778       9588.038       1.862226    
         162   10152.00      -5474.134       9541.333       1.854540    
         166   10099.00      -5469.988       9488.795       1.846256    
         167   9829.000      -5462.773       9219.600       1.799269    
         168   9829.000      -5462.743       9219.604       1.799279    
         169   9802.000      -5461.400       9192.753       1.794778    
         171   9795.000      -5459.286       9185.989       1.794191    
         174   9775.000      -5454.383       9166.536       1.792137    
         175   9769.000      -5452.942       9160.697       1.791510    
         178   9664.000      -5452.070       8360.172       1.772538    
         179   9608.000      -5449.848       8304.703       1.762985    
         180   9453.000      -5448.591       8150.004       1.734944    
         181   9262.000      -5444.953       7959.874       1.701025    
         182   9165.000      -5443.248       7863.282       1.683737    
         183   9036.000      -5439.834       7735.098       1.661080    
         184   8918.000      -5436.718       7617.843       1.640328    
         187   8865.000      -5432.825       7565.774       1.631748    
         188   8831.000      -5432.084       7531.952       1.625711    
         190   8799.000      -5429.867       7500.481       1.620482    
         193   8771.000      -5427.792       7472.978       1.615942    
         194   8771.000      -5427.714       7472.997       1.615966    
         195   8618.000      -5425.014       7320.643       1.588567    
         197   8566.000      -5424.185       7268.840       1.579223    
         199   8463.000      -5420.892       7166.628       1.561182    
         200   8340.000      -5421.797       7043.412       1.538235    
         202   8134.000      -5420.806       6837.648       1.500515    
         203   8012.000      -5419.353       6715.996       1.478405    
         204   7926.000      -5411.733       6631.818       1.464595    
         206   7926.000      -5411.190       6631.948       1.464743    
         207   7866.000      -5406.334       7250.891       1.454960    
         210   7799.000      -5403.895       7184.168       1.443218    
         211   7799.000      -5403.680       7184.193       1.443276    
         213   7558.000      -5402.383       6943.340       1.399012    
         214   7522.000      -5402.220       6907.359       1.392390    
         217   7271.000      -5399.147       6656.708       1.346694    
         218   7104.000      -5397.578       6489.887       1.316146    
         219   7019.000      -5395.516       6405.122       1.300895    
         221   6842.000      -5393.841       6228.312       1.268484    
         222   6704.000      -5391.521       6090.576       1.243434    
         223   6634.000      -5390.886       6020.648       1.230595    
         224   6552.000      -5386.152       5939.187       1.216453    
         225   6536.000      -5385.380       5923.275       1.213656    
         226   6342.000      -5383.077       5729.537       1.178137    
         228   6308.000      -5378.284       5696.083       1.172865    
         229   6184.000      -5376.832       5572.248       1.150120    
         232   6154.000      -5374.740       5542.486       1.144986    
         238   6151.000      -5373.843       5539.588       1.144618    
         239   6089.000      -5371.214       5477.887       1.133636    
         240   5867.000      -5367.918       5256.262       1.092975    
         241   5777.000      -5367.128       4215.893       1.076367    
         246   5777.000      -5366.974       4215.938       1.076398    
         250   5777.000      -5366.872       4215.968       1.076419    
         253   5777.000      -5366.625       4216.040       1.076468    
         254   5719.000      -5364.149       4158.760       1.066152    
         256   5648.000      -5361.026       4088.668       1.053530    
         260   5602.000      -5359.088       4043.231       1.045327    
         261   5507.000      -5358.860       3948.298       1.027644    
         262   5434.000      -5354.908       3876.448       1.014770    
         263   5387.000      -5350.695       3830.673       1.006785    
         265   5379.000      -5349.947       3822.891       1.005431    
         266   5370.000      -5348.711       3814.250       1.003980    
         267   5259.000      -5348.164       3703.409      0.9833281    
         270   5233.000      -5344.124       3678.584      0.9792064    
         273   5221.000      -5343.723       3666.701      0.9770342    
         275   5165.000      -5340.958       3611.505      0.9670549    
         276   5122.000      -5336.056       3569.931      0.9598851    
         277   5033.000      -5330.606       3482.516      0.9441702    
         279   4978.000      -5329.418       3427.862      0.9340606    
         280   4884.000      -5328.212       3334.212      0.9166302    
         282   4787.000      -5323.538       4522.522      0.8992140    
         286   4735.000      -5322.715       4470.563      0.8895836    
         287   4729.000      -5321.537       4464.622      0.8886531    
         288   4543.000      -5319.473       4278.724      0.8540319    
         291   4517.000      -5317.928       4252.801      0.8493909    
         292   4483.000      -5315.674       4218.913      0.8433549    
         293   4425.000      -5311.324       4161.129      0.8331257    
         294   4335.000      -5311.526       4071.119      0.8161497    
         297   4335.000      -5313.167       4071.037      0.8158976    
         299   4264.000      -5311.663       4000.112      0.8027619    
         300   4259.000      -5306.431       3995.372      0.8026111    
         303   4248.000      -5302.823       3984.551      0.8010828    
         306   4237.000      -5301.578       3973.613      0.7991961    
         310   4202.000      -5299.325       3938.725      0.7929311    
         311   4150.000      -5298.065       3886.788      0.7833048    
         318   4148.000      -5295.009       3884.939      0.7833793    
         325   4080.000      -5294.604       3816.959      0.7705958    
         326   4026.000      -5289.169       3763.229      0.7611781    
         328   4024.000      -5288.551       3761.260      0.7608890    
         329   3976.000      -5287.069       3713.334      0.7520234    
         333   3829.000      -5286.282       2429.057      0.7243276    
         339   3737.000      -5284.795       2337.450      0.7071229    
         340   3693.000      -5279.508       2294.851      0.6994970    
         342   3673.000      -5276.793       2275.569      0.6960667    
         344   3588.000      -5274.964       2191.054      0.6801942    
         345   3514.000      -5272.421       2117.727      0.6664869    
         347   3409.000      -5270.736       2013.173      0.6467787    
         348   3337.000      -5268.601       1941.739      0.6333750    
         351   3251.000      -5267.328       1856.076      0.6172010    
         353   3216.000      -5266.917       1821.185      0.6106039    
         355   3101.000      -5264.925       1706.713      0.5889922    
         356   3101.000      -5266.890       1706.192      0.5887725    
         357   3073.000      -5263.915       1678.980      0.5837861    
         358   3028.000      -5263.915       1633.980      0.5752373    
         362   2986.000      -5262.369       1592.390      0.5674251    
         363   2958.000      -5260.474       1564.891      0.5623067    
         364   2956.000      -5259.712       1563.093      0.5620079    
         366   2918.000      -5257.443       1525.694      0.5550227    
         368   2905.000      -5254.309       1513.524      0.5528796    
         369   2852.000      -5252.480       1461.008      0.5429816    
         371   2849.000      -5250.351       2414.985      0.5426304    
         372   2755.000      -5245.912       2321.352      0.5251709    
         374   2754.000      -5243.739       2320.531      0.5251978    
         375   2736.000      -5242.556       2302.629      0.5218828    
         378   2736.000      -5242.449       2302.638      0.5218935    
         379   2736.000      -5241.858       2302.687      0.5219523    
         380   2526.000      -5234.585       2093.288      0.4825597    
         381   2513.000      -5230.745       2080.605      0.4804287    
         382   2513.000      -5229.596       2080.700      0.4805342    
         386   2436.000      -5226.315       2003.971      0.4661027    
         388   2399.000      -5225.985       1966.999      0.4590522    
         389   2312.000      -5224.332       1880.135      0.4425446    
         390   2278.000      -5222.213       1846.311      0.4362136    
         391   2274.000      -5221.562       1842.364      0.4355019    
         392   2268.000      -5221.153       1836.398      0.4343868    
         395   2223.000      -5219.166       1791.562      0.4259301    
         399   2214.000      -5218.851       1782.588      0.4242314    
         400   2100.000      -5212.902       1669.080      0.4028466    
         401   2092.000      -5207.136       1661.557      0.4017564    
         403   2092.000      -5205.426       1661.698      0.4018883    
         405   2090.000      -5203.655       1316.164      0.4016407    
         407   2055.000      -5201.584       1281.472      0.3950720    
         408   2024.000      -5200.789       1250.590      0.3891717    
         410   1975.000      -5197.221       1202.121      0.3800108    
         414   1932.000      -5195.819       1159.329      0.3718374    
         423   1901.000      -5191.514       1128.969      0.3661745    
         424   1901.000      -5192.180       1128.870      0.3661276    
         425   1888.000      -5189.867       1116.214      0.3637858    
         428   1841.000      -5188.209       1069.461      0.3548431    
         430   1802.000      -5186.672       1030.689      0.3474289    
         445   1663.000      -5184.680       891.9857      0.3207527    
         446   1609.000      -5183.676       838.1349      0.3103975    
         450   1609.000      -5183.868       838.1064      0.3103860    
         452   1605.000      -5182.867       834.2552      0.3096741    
         465   1600.000      -5181.447       829.4664      0.3087941    
         467   1543.000      -5180.340       772.6310      0.2978569    
         468   1535.000      -5177.652       765.0308      0.2964664    
         469   1530.000      -5176.536       760.1967      0.2955644    
         472   1507.000      -5172.336       737.8214      0.2913577    
         473   1471.000      -5171.169       701.9948      0.2844618    
         478   1451.000      -5170.512       958.4473      0.2806298    
         483   1449.000      -5169.272       956.5654      0.2803102    
         487   1428.000      -5164.451       936.0248      0.2765057    
         488   1424.000      -5160.557       932.3958      0.2759392    
         490   1398.000      -5158.685       906.5740      0.2709993    
         497   1320.000      -5156.414       828.7904      0.2559919    
         498   1303.000      -5155.287       811.8977      0.2527502    
         503   1256.000      -5151.088       765.2977      0.2438320    
         504   1256.000      -5150.586       765.3455      0.2438557    
         505   1251.000      -5150.143       760.3878      0.2429059    
         509   1227.000      -5149.990       736.4023      0.2382529    
         510   1208.000      -5147.532       717.6365      0.2346756    
         512   1203.000      -5146.438       712.7407      0.2337539    
         515   1179.000      -5145.617       688.8188      0.2291270    
         518   1166.000      -5141.542       676.2072      0.2267802    
         524   1131.000      -5126.774       642.6139      0.2206066    
         527   1126.000      -5123.104       637.9635      0.2197886    
         531   1105.000      -5119.456       617.3110      0.2158432    
         535   1100.000      -5118.242       612.4266      0.2149175    
         539   1100.000      -5118.212       612.4296      0.2149188    
         541   1100.000      -5117.041       854.4095      0.2149680    
         542   1089.000      -5114.687       843.5225      0.2129163    
         545   1047.000      -5112.117       801.6459      0.2048075    
         546   1011.000      -5112.831       765.6116      0.1977378    
         550   1006.000      -5111.086       760.6953      0.1968271    
         553   987.0000      -5105.683       741.9547      0.1933140    
         564   953.0000      -5105.480       707.9644      0.1866622    
         566   949.0000      -5101.457       704.1575      0.1860253    
         567   947.0000      -5099.805       702.2368      0.1856934    
         568   947.0000      -5099.959       702.2294      0.1856878    
         575   947.0000      -5098.096       702.3188      0.1857556    
         576   947.0000      -5095.110       702.4621      0.1858645    
         578   929.0000      -5094.714       684.4811      0.1823459    
         581   913.0000      -5093.280       668.5499      0.1792558    
         584   890.0000      -5090.083       645.7034      0.1748498    
         707   889.0000      -5085.655       644.9159      0.1748054    
         708   855.0000      -5086.532       610.8738      0.1680909    
         709   852.0000      -5085.805       607.9087      0.1675251    
         710   852.0000      -5083.948       607.9978      0.1675863    
         713   851.0000      -5084.331       606.9794      0.1673770    
         714   849.0000      -5082.889       397.5131      0.1670310    
         716   831.0000      -5082.432       379.5538      0.1635044    
         719   831.0000      -5080.458       379.7290      0.1635679    
         720   799.0000      -5080.068       347.7637      0.1572814    
         730   781.0000      -5078.788       329.8775      0.1537769    
         742   767.0000      -5077.740       315.9705      0.1510514    
         743   767.0000      -5077.712       315.9730      0.1510523    
         747   766.0000      -5077.393       315.0014      0.1508648    
         748   747.0000      -5077.173       296.0209      0.1471291    
         751   746.0000      -5073.842       295.3167      0.1470286    
         752   734.0000      -5072.717       283.4167      0.1446956    
         753   703.0000      -5068.292       252.8097      0.1387055    
         796   701.0000      -5068.381       250.8018      0.1383085    
         798   691.0000      -5067.652       240.8666      0.1363551    
         805   681.0000      -5065.403       231.0663      0.1344414    
         812   660.0000      -5061.884       210.3789      0.1303862    
         813   629.0000      -5058.031       179.7212      0.1243567    
         820   613.0000      -5055.497       163.9462      0.1212542    
         822   600.0000      -5052.897       151.1772      0.1187438    
         828   551.0000      -5048.318       102.5839      0.1091453    
         830   543.0000      -5044.753       263.6464      0.1076366    
         832   530.0000      -5044.364       250.6679      0.1050678    
         835   512.0000      -5041.996       232.7991      0.1015471    
         838   512.0000      -5039.803       232.9205      0.1015913    
         839   493.0000      -5039.394       213.9432      9.7829230E-02
         841   489.0000      -5038.776       209.9774      9.7047381E-02
         843   485.0000      -5036.168       206.1218      9.6303374E-02
         847   470.0000      -5034.601       191.2086      9.3353972E-02
         849   470.0000      -5033.137       191.2897      9.3381129E-02
         852   442.0000      -5022.747       163.8650      8.7999664E-02
         858   441.0000      -5021.540       162.9318      8.7821662E-02
         860   442.0000      -5019.931       164.0209      8.8049024E-02
         865   436.0000      -5018.663       158.0912      8.6875737E-02
         868   436.0000      -5018.200       158.1168      8.6883739E-02
         869   435.0000      -5017.198       157.1722      8.6701773E-02
         873   431.0000      -5016.721       153.1987      8.5912697E-02
         874   431.0000      -5016.694       153.2002      8.5913144E-02
         876   417.0000      -5017.060       139.1799      8.3116405E-02
         878   412.0000      -5015.147       134.2859      8.2151130E-02
         880   412.0000      -5014.989       134.2946      8.2153715E-02
         887   403.0000      -5013.227       198.9771      8.0387354E-02
         888   401.0000      -5011.826       197.0341      8.0010764E-02
         889   401.0000      -5011.318       197.0548      8.0018863E-02
         892   401.0000      -5011.085       197.0643      8.0022581E-02
         894   392.0000      -5008.560       188.1671      7.8266017E-02
         897   384.0000      -5007.727       180.2009      7.6681495E-02
         898   378.0000      -5007.446       174.2124      7.5487584E-02
         899   371.0000      -5005.675       167.2844      7.4115872E-02
         909   370.0000      -5005.633       166.2861      7.3916718E-02
         912   364.0000      -5004.940       160.3144      7.2728142E-02
         913   363.0000      -5003.448       159.3751      7.2549969E-02
         915   363.0000      -5002.184       159.4265      7.2568297E-02
         916   363.0000      -5000.487       159.4956      7.2592922E-02
         919   354.0000      -4999.916       150.5188      7.0801191E-02
         920   345.0000      -4998.602       141.5723      6.9019303E-02
         929   345.0000      -4998.331       141.5833      6.9023043E-02
         932   343.0000      -4997.759       139.6066      6.8630762E-02
         936   343.0000      -4996.621       139.6530      6.8646394E-02
         937   335.0000      -4997.734       131.6076      6.7030370E-02
         944   325.0000      -4993.673       121.7729      6.5082356E-02
         945   311.0000      -4991.959      -37.02295      6.2300187E-02
         950   310.0000      -4991.178      -37.96848      6.2109582E-02
         953   300.0000      -4991.045      -47.95917      6.0107652E-02
         955   298.0000      -4989.928      -49.88132      5.9720296E-02
         958   296.0000      -4986.191      -51.62082      5.9363946E-02
         964   293.0000      -4983.622      -54.44165      5.8792587E-02
         976   284.0000      -4982.982      -63.39706      5.6993984E-02
         981   279.0000      -4981.274      -68.27802      5.6009762E-02
         983   270.0000      -4981.305      -77.28015      5.4202661E-02
         985   267.0000      -4977.703      -80.02905      5.3639196E-02
         986   263.0000      -4973.744      -83.75299      5.2877676E-02
         996   262.0000      -4971.571      -84.60153      5.2699640E-02
         998   261.0000      -4970.788      -85.54694      5.2506763E-02
        1001   260.0000      -4967.143      -86.29285      5.2343972E-02
        1011   257.0000      -4966.213      -89.22797      5.1749695E-02
        1020   253.0000      -4967.883      -93.34442      5.0927121E-02
        1022   245.0000      -4966.212      -101.2279      4.9333375E-02
        1023   242.0000      -4965.364      -104.1688      4.8737619E-02
        1024   237.0000      -4965.544      -109.1814      4.7728904E-02
        1032   233.0000      -4966.909      -113.2765      4.6910465E-02
        1034   234.0000      -4964.806       118.7806      4.7131751E-02
        1036   233.0000      -4964.584       117.7858      4.6932429E-02
        1038   222.0000      -4963.656       106.8073      4.4725094E-02
        1040   222.0000      -4964.273       106.7930      4.4719536E-02
        1042   222.0000      -4963.404       106.8132      4.4727366E-02
        1047   222.0000      -4963.053       106.8213      4.4730529E-02
        1054   222.0000      -4963.242       106.8169      4.4728827E-02
        1059   222.0000      -4962.653       106.8306      4.4734139E-02
        1066   222.0000      -4962.001       106.8457      4.4740010E-02
        1076   222.0000      -4960.355       106.8839      4.4754855E-02
        1077   222.0000      -4956.038       106.9841      4.4793848E-02
        1080   221.0000      -4955.320       106.0008      4.4598535E-02
        1082   221.0000      -4954.969       106.0089      4.4601690E-02
        1083   221.0000      -4953.730       106.0377      4.4612844E-02
        1086   221.0000      -4952.719       106.0611      4.4621952E-02
        1096   206.0000      -4951.843       91.08146      4.1600671E-02
        1104   201.0000      -4951.253       86.09515      4.0595781E-02
        1112   201.0000      -4951.003       86.10096      4.0597834E-02
        1114   201.0000      -4951.684       86.08516      4.0592253E-02
        1129   201.0000      -4950.223       86.11906      4.0604230E-02
        1135   192.0000      -4945.147      -63.42683      3.8825940E-02
        1139   175.0000      -4945.107      -80.42471      3.5388518E-02
        1140   169.0000      -4943.729      -86.35358      3.4184717E-02
        1141   168.0000      -4940.464      -87.18494      3.4004901E-02
        1157   168.0000      -4939.882      -87.15488      3.4008909E-02
        1163   168.0000      -4939.958      -87.15880      3.4008384E-02
        1170   158.0000      -4935.436      -96.92522      3.2013383E-02
        1177   158.0000      -4934.566      -96.88025      3.2019027E-02
        1189   150.0000      -4929.668      -104.6273      3.0428013E-02
        1191   150.0000      -4929.570      -104.6222      3.0428616E-02
        1199   149.0000      -4932.807      -105.7894      3.0205924E-02
        1201   149.0000      -4932.076      -105.7516      3.0210404E-02
        1202   149.0000      -4931.329      -105.7131      3.0214978E-02
        1207   134.0000      -4930.288      -120.6593      2.7178941E-02
        1223   134.0000      -4926.705      -120.4742      2.7198706E-02
        1224   134.0000      -4925.740      -120.4244      2.7204033E-02
        1229   132.0000      -4925.617      -122.4180      2.6798675E-02
        1241   134.0000      -4924.873      -120.3796      2.7208826E-02
        1244   127.0000      -4925.728      -127.4238      2.5782993E-02
        1245   125.0000      -4926.344      -129.4556      2.5373785E-02
        1254   125.0000      -4926.255      -33.26505      2.5374245E-02
        1257   124.0000      -4923.734      -34.18407      2.5184136E-02
        1267   122.0000      -4921.246      -36.10413      2.4790470E-02
        1274   121.0000      -4921.703      -37.11882      2.4584986E-02
        1275   119.0000      -4920.485      -39.07970      2.4184607E-02
        1280   113.0000      -4915.593      -44.92252      2.2988070E-02
        1298   113.0000      -4914.561      -44.88934      2.2992900E-02
        1302   110.0000      -4910.613      -47.76251      2.2400463E-02
        1303   109.0000      -4910.843      -48.76993      2.2195781E-02
        1304   109.0000      -4910.603      -48.76221      2.2196867E-02
        1305   106.0000      -4909.128      -51.71483      2.1592427E-02
        1308   104.0000      -4908.915      -53.70798      2.1185944E-02
        1313   104.0000      -4908.427      -53.69229      2.1188052E-02
        1315   103.0000      -4907.783      -54.67162      2.0987073E-02
