 step, chi2, energy, chi2-energy, chi2/energy, alpha weight, beta weight
           1   24564.00      -5700.630       22692.49       4.308998    
           1   24444.00      -5696.516       22573.84       4.291044    
           2   24351.00      -5695.134       22481.29       4.275755    
           4   24218.00      -5692.256       22349.24       4.254552    
           7   23710.00      -5689.825       21842.03       4.167088    
           9   22986.00      -5684.632       21119.74       4.043533    
          10   22867.00      -5683.106       21001.24       4.023680    
          13   22502.00      -5682.008       20636.60       3.960220    
          14   22202.00      -5679.340       20337.48       3.909257    
          18   21944.00      -5677.467       20080.09       3.865104    
          21   21906.00      -5676.470       20042.42       3.859089    
          23   21592.00      -5674.269       19729.14       3.805248    
          25   21283.00      -5671.986       19420.89       3.752301    
          26   21238.00      -5669.250       19376.79       3.746174    
          30   21219.00      -5668.163       19358.14       3.743541    
          31   20957.00      -5665.907       19096.89       3.698790    
          32   20754.00      -5663.635       18894.63       3.664431    
          35   20404.00      -5663.101       18544.81       3.602973    
          37   20279.00      -5659.422       18421.02       3.583228    
          38   20241.00      -5654.835       18384.52       3.579415    
          41   20147.00      -5652.738       18918.36       3.564113    
          43   19958.00      -5649.097       18730.15       3.532954    
          45   19955.00      -5646.372       18727.74       3.534128    
          49   19886.00      -5643.458       18659.38       3.523726    
          50   19540.00      -5641.531       18313.79       3.463599    
          52   19522.00      -5637.131       18296.75       3.463109    
          53   19480.00      -5635.258       18255.16       3.456807    
          57   19472.00      -5631.811       18247.91       3.457502    
          59   19253.00      -5630.383       18029.22       3.419483    
          60   19124.00      -5626.253       17901.12       3.399065    
          64   18999.00      -5620.187       17777.43       3.380492    
          65   18861.00      -5616.650       17640.20       3.358052    
          66   18682.00      -5615.601       17461.43       3.326803    
          69   18640.00      -5612.734       17420.05       3.321019    
          70   18553.00      -5611.506       17333.32       3.306243    
          73   18294.00      -5610.317       17074.58       3.260778    
          75   17934.00      -5606.671       16715.37       3.198689    
          76   17934.00      -5605.663       16715.59       3.199265    
          78   17761.00      -5601.271       16543.54       3.170888    
          79   17689.00      -5599.432       16471.95       3.159071    
          81   17689.00      -5599.321       16886.65       3.159133    
          83   17487.00      -5598.712       16684.74       3.123397    
          88   17280.00      -5592.409       16478.64       3.089903    
          89   17243.00      -5590.907       16441.85       3.084115    
          90   17209.00      -5589.071       16408.12       3.079045    
          93   16983.00      -5586.455       16182.49       3.040032    
          94   16733.00      -5583.245       15932.95       2.997003    
          98   16575.00      -5582.625       15775.04       2.969033    
         101   16423.00      -5581.735       15623.17       2.942275    
         102   16419.00      -5578.981       15619.56       2.943011    
         103   16299.00      -5576.728       15499.89       2.922682    
         104   15937.00      -5574.997       15138.13       2.858656    
         105   15765.00      -5569.448       14966.93       2.830621    
         107   15756.00      -5568.005       14958.14       2.829739    
         109   15604.00      -5564.931       14806.58       2.803988    
         111   15390.00      -5563.461       14592.79       2.766263    
         113   15390.00      -5563.234       14592.82       2.766376    
         115   15256.00      -5561.873       14459.01       2.742961    
         116   15091.00      -5560.955       14294.15       2.713742    
         117   14844.00      -5563.161       14046.83       2.668267    
         118   14844.00      -5562.749       13029.72       2.668465    
         119   14821.00      -5558.554       13008.08       2.666341    
         120   14779.00      -5553.279       12967.81       2.661311    
         121   14777.00      -5550.997       12966.55       2.662045    
         123   14595.00      -5548.966       12785.21       2.630220    
         124   14433.00      -5548.426       12623.39       2.601278    
         125   14356.00      -5546.932       12546.88       2.588098    
         126   14169.00      -5544.417       12360.70       2.555544    
         127   14147.00      -5542.171       12339.43       2.552610    
         129   14021.00      -5536.132       12215.40       2.532634    
         130   13812.00      -5530.494       12008.24       2.497426    
         132   13163.00      -5524.680       11361.13       2.382581    
         134   13153.00      -5524.354       11351.24       2.380912    
         135   13005.00      -5521.950       11204.02       2.355146    
         136   12789.00      -5517.547       10989.46       2.317878    
         137   12775.00      -5516.587       10975.77       2.315743    
         138   12659.00      -5514.082       10860.59       2.295758    
         139   12549.00      -5512.864       10750.99       2.276312    
         140   12301.00      -5507.977       10504.58       2.233306    
         143   12111.00      -5503.187       10316.14       2.200725    
         144   11505.00      -5498.890       10891.57       2.092240    
         148   11495.00      -5497.485       10881.73       2.090956    
         150   11388.00      -5494.916       10775.01       2.072461    
         151   11245.00      -5492.289       10632.31       2.047416    
         152   11094.00      -5489.262       10481.65       2.021037    
         153   10972.00      -5488.574       10359.72       1.999062    
         154   10685.00      -5487.197       10072.88       1.947260    
         155   10633.00      -5484.000       10021.23       1.938913    
         157   10469.00      -5481.667       9857.492       1.909821    
         159   10236.00      -5480.088       9624.669       1.867853    
         160   10236.00      -5478.820       9624.810       1.868286    
         161   10199.00      -5476.778       9588.038       1.862226    
         162   10152.00      -5474.134       9541.333       1.854540    
         166   10099.00      -5469.988       9488.795       1.846256    
         167   9829.000      -5462.773       9219.600       1.799269    
         168   9829.000      -5462.743       9219.604       1.799279    
         169   9802.000      -5461.400       9192.753       1.794778    
         171   9795.000      -5459.286       9185.989       1.794191    
         174   9775.000      -5454.383       9166.536       1.792137    
         175   9769.000      -5452.942       9160.697       1.791510    
         178   9664.000      -5452.070       8360.172       1.772538    
         179   9608.000      -5449.848       8304.703       1.762985    
         180   9453.000      -5448.591       8150.004       1.734944    
         181   9262.000      -5444.953       7959.874       1.701025    
         182   9165.000      -5443.248       7863.282       1.683737    
         183   9036.000      -5439.834       7735.098       1.661080    
         184   8918.000      -5436.718       7617.843       1.640328    
         187   8865.000      -5432.825       7565.774       1.631748    
         188   8831.000      -5432.084       7531.952       1.625711    
         190   8799.000      -5429.867       7500.481       1.620482    
         193   8771.000      -5427.792       7472.978       1.615942    
         194   8771.000      -5427.714       7472.997       1.615966    
         195   8618.000      -5425.014       7320.643       1.588567    
         197   8566.000      -5424.185       7268.840       1.579223    
         199   8463.000      -5420.892       7166.628       1.561182    
         200   8340.000      -5421.797       7043.412       1.538235    
         202   8134.000      -5420.806       6837.648       1.500515    
         203   8012.000      -5419.353       6715.996       1.478405    
         204   7926.000      -5411.733       6631.818       1.464595    
         206   7926.000      -5411.190       6631.948       1.464743    
         207   7866.000      -5406.334       7250.891       1.454960    
         210   7799.000      -5403.895       7184.168       1.443218    
         211   7799.000      -5403.680       7184.193       1.443276    
         213   7558.000      -5402.383       6943.340       1.399012    
         214   7522.000      -5402.220       6907.359       1.392390    
         217   7271.000      -5399.147       6656.708       1.346694    
         218   7104.000      -5397.578       6489.887       1.316146    
         219   7019.000      -5395.516       6405.122       1.300895    
         221   6842.000      -5393.841       6228.312       1.268484    
         222   6704.000      -5391.521       6090.576       1.243434    
         223   6634.000      -5390.886       6020.648       1.230595    
         224   6552.000      -5386.152       5939.187       1.216453    
         225   6536.000      -5385.380       5923.275       1.213656    
         226   6342.000      -5383.077       5729.537       1.178137    
         228   6308.000      -5378.284       5696.083       1.172865    
         229   6184.000      -5376.832       5572.248       1.150120    
         232   6154.000      -5374.740       5542.486       1.144986    
         238   6151.000      -5373.843       5539.588       1.144618    
         239   6089.000      -5371.214       5477.887       1.133636    
         240   5867.000      -5367.918       5256.262       1.092975    
         241   5777.000      -5367.128       4215.893       1.076367    
         246   5777.000      -5366.974       4215.938       1.076398    
         250   5777.000      -5366.872       4215.968       1.076419    
         253   5777.000      -5366.625       4216.040       1.076468    
         254   5719.000      -5364.149       4158.760       1.066152    
         256   5648.000      -5361.026       4088.668       1.053530    
         260   5602.000      -5359.088       4043.231       1.045327    
         261   5507.000      -5358.860       3948.298       1.027644    
         262   5434.000      -5354.908       3876.448       1.014770    
         263   5387.000      -5350.695       3830.673       1.006785    
         265   5379.000      -5349.947       3822.891       1.005431    
         266   5370.000      -5348.711       3814.250       1.003980    
         267   5259.000      -5348.164       3703.409      0.9833281    
         270   5233.000      -5344.124       3678.584      0.9792064    
         273   5221.000      -5343.723       3666.701      0.9770342    
         275   5165.000      -5340.958       3611.505      0.9670549    
         276   5122.000      -5336.056       3569.931      0.9598851    
         277   5033.000      -5330.606       3482.516      0.9441702    
         279   4978.000      -5329.418       3427.862      0.9340606    
         280   4884.000      -5328.212       3334.212      0.9166302    
         282   4787.000      -5323.538       4522.522      0.8992140    
         286   4735.000      -5322.715       4470.563      0.8895836    
         287   4729.000      -5321.537       4464.622      0.8886531    
         288   4543.000      -5319.473       4278.724      0.8540319    
         291   4517.000      -5317.928       4252.801      0.8493909    
         292   4483.000      -5315.674       4218.913      0.8433549    
         293   4425.000      -5311.324       4161.129      0.8331257    
         294   4335.000      -5311.526       4071.119      0.8161497    
         297   4335.000      -5313.167       4071.037      0.8158976    
         299   4264.000      -5311.663       4000.112      0.8027619    
         300   4259.000      -5306.431       3995.372      0.8026111    
         303   4248.000      -5302.823       3984.551      0.8010828    
         306   4237.000      -5301.578       3973.613      0.7991961    
         310   4202.000      -5299.325       3938.725      0.7929311    
         311   4150.000      -5298.065       3886.788      0.7833048    
         318   4148.000      -5295.009       3884.939      0.7833793    
         325   4080.000      -5294.604       3816.959      0.7705958    
         326   4026.000      -5289.169       3763.229      0.7611781    
         328   4024.000      -5288.551       3761.260      0.7608890    
         329   3976.000      -5287.069       3713.334      0.7520234    
         333   3829.000      -5286.282       2429.057      0.7243276    
         339   3737.000      -5284.795       2337.450      0.7071229    
         340   3693.000      -5279.508       2294.851      0.6994970    
         342   3673.000      -5276.793       2275.569      0.6960667    
         344   3588.000      -5274.964       2191.054      0.6801942    
         345   3514.000      -5272.421       2117.727      0.6664869    
         347   3409.000      -5270.736       2013.173      0.6467787    
         348   3337.000      -5268.601       1941.739      0.6333750    
         351   3251.000      -5267.328       1856.076      0.6172010    
         353   3216.000      -5266.917       1821.185      0.6106039    
         355   3101.000      -5264.925       1706.713      0.5889922    
         356   3101.000      -5266.890       1706.192      0.5887725    
         357   3073.000      -5263.915       1678.980      0.5837861    
         358   3028.000      -5263.915       1633.980      0.5752373    
         362   2986.000      -5262.369       1592.390      0.5674251    
         363   2958.000      -5260.474       1564.891      0.5623067    
         364   2956.000      -5259.712       1563.093      0.5620079    
         366   2918.000      -5257.443       1525.694      0.5550227    
         368   2905.000      -5254.309       1513.524      0.5528796    
         369   2852.000      -5252.480       1461.008      0.5429816    
         371   2849.000      -5250.351       2414.985      0.5426304    
         372   2755.000      -5245.912       2321.352      0.5251709    
         374   2754.000      -5243.739       2320.531      0.5251978    
         375   2736.000      -5242.556       2302.629      0.5218828    
         378   2736.000      -5242.449       2302.638      0.5218935    
         379   2736.000      -5241.858       2302.687      0.5219523    
         380   2526.000      -5234.585       2093.288      0.4825597    
         381   2513.000      -5230.745       2080.605      0.4804287    
         382   2513.000      -5229.596       2080.700      0.4805342    
         386   2436.000      -5226.315       2003.971      0.4661027    
         388   2399.000      -5225.985       1966.999      0.4590522    
         389   2312.000      -5224.332       1880.135      0.4425446    
         390   2278.000      -5222.213       1846.311      0.4362136    
         391   2274.000      -5221.562       1842.364      0.4355019    
         392   2268.000      -5221.153       1836.398      0.4343868    
         395   2223.000      -5219.166       1791.562      0.4259301    
         399   2214.000      -5218.851       1782.588      0.4242314    
         400   2100.000      -5212.902       1669.080      0.4028466    
         401   2092.000      -5207.136       1661.557      0.4017564    
         403   2092.000      -5205.426       1661.698      0.4018883    
         405   2090.000      -5203.655       1316.164      0.4016407    
         407   2055.000      -5201.584       1281.472      0.3950720    
         408   2024.000      -5200.789       1250.590      0.3891717    
         410   1975.000      -5197.221       1202.121      0.3800108    
         414   1932.000      -5195.819       1159.329      0.3718374    
         423   1901.000      -5191.514       1128.969      0.3661745    
         424   1901.000      -5192.180       1128.870      0.3661276    
         425   1888.000      -5189.867       1116.214      0.3637858    
         428   1841.000      -5188.209       1069.461      0.3548431    
         430   1802.000      -5186.672       1030.689      0.3474289    
         445   1663.000      -5184.680       891.9857      0.3207527    
         446   1609.000      -5183.676       838.1349      0.3103975    
         450   1609.000      -5183.868       838.1064      0.3103860    
         452   1605.000      -5182.867       834.2552      0.3096741    
         465   1600.000      -5181.447       829.4664      0.3087941    
         467   1543.000      -5180.340       772.6310      0.2978569    
         468   1535.000      -5177.652       765.0308      0.2964664    
         469   1530.000      -5176.536       760.1967      0.2955644    
         472   1507.000      -5172.336       737.8214      0.2913577    
         473   1471.000      -5171.169       701.9948      0.2844618    
         478   1451.000      -5170.512       958.4473      0.2806298    
         483   1449.000      -5169.272       956.5654      0.2803102    
         487   1428.000      -5164.451       936.0248      0.2765057    
         488   1424.000      -5160.557       932.3958      0.2759392    
         490   1398.000      -5158.685       906.5740      0.2709993    
         497   1320.000      -5156.414       828.7904      0.2559919    
         498   1303.000      -5155.287       811.8977      0.2527502    
         503   1256.000      -5151.088       765.2977      0.2438320    
         504   1256.000      -5150.586       765.3455      0.2438557    
         505   1251.000      -5150.143       760.3878      0.2429059    
         509   1227.000      -5149.990       736.4023      0.2382529    
         510   1208.000      -5147.532       717.6365      0.2346756    
         512   1203.000      -5146.438       712.7407      0.2337539    
         515   1179.000      -5145.617       688.8188      0.2291270    
         518   1166.000      -5141.542       676.2072      0.2267802    
         524   1131.000      -5126.774       642.6139      0.2206066    
         527   1126.000      -5123.104       637.9635      0.2197886    
         531   1105.000      -5119.456       617.3110      0.2158432    
         535   1100.000      -5118.242       612.4266      0.2149175    
         539   1100.000      -5118.212       612.4296      0.2149188    
         541   1100.000      -5117.041       854.4095      0.2149680    
         542   1089.000      -5114.687       843.5225      0.2129163    
         545   1047.000      -5112.117       801.6459      0.2048075    
         546   1011.000      -5112.831       765.6116      0.1977378    
         550   1006.000      -5111.086       760.6953      0.1968271    
         553   987.0000      -5105.683       741.9547      0.1933140    
         564   953.0000      -5105.480       707.9644      0.1866622    
         566   949.0000      -5101.457       704.1575      0.1860253    
         567   947.0000      -5099.805       702.2368      0.1856934    
         568   947.0000      -5099.959       702.2294      0.1856878    
         575   947.0000      -5098.096       702.3188      0.1857556    
         576   947.0000      -5095.110       702.4621      0.1858645    
         578   929.0000      -5094.714       684.4811      0.1823459    
         581   913.0000      -5093.280       668.5499      0.1792558    
         584   890.0000      -5090.083       645.7034      0.1748498    
         707   889.0000      -5085.655       644.9159      0.1748054    
         708   855.0000      -5086.532       610.8738      0.1680909    
         709   852.0000      -5085.805       607.9087      0.1675251    
         710   852.0000      -5083.948       607.9978      0.1675863    
         713   851.0000      -5084.331       606.9794      0.1673770    
         714   849.0000      -5082.889       397.5131      0.1670310    
         716   831.0000      -5082.432       379.5538      0.1635044    
         719   831.0000      -5080.458       379.7290      0.1635679    
         720   799.0000      -5080.068       347.7637      0.1572814    
         730   781.0000      -5078.788       329.8775      0.1537769    
         742   767.0000      -5077.740       315.9705      0.1510514    
         743   767.0000      -5077.712       315.9730      0.1510523    
         747   766.0000      -5077.393       315.0014      0.1508648    
         748   747.0000      -5077.173       296.0209      0.1471291    
         751   746.0000      -5073.842       295.3167      0.1470286    
         752   734.0000      -5072.717       283.4167      0.1446956    
         753   703.0000      -5068.292       252.8097      0.1387055    
         796   701.0000      -5068.381       250.8018      0.1383085    
         798   691.0000      -5067.652       240.8666      0.1363551    
         805   681.0000      -5065.403       231.0663      0.1344414    
         812   660.0000      -5061.884       210.3789      0.1303862    
         813   629.0000      -5058.031       179.7212      0.1243567    
         820   613.0000      -5055.497       163.9462      0.1212542    
         822   600.0000      -5052.897       151.1772      0.1187438    
         828   551.0000      -5048.318       102.5839      0.1091453    
         830   543.0000      -5044.753       263.6464      0.1076366    
         832   530.0000      -5044.364       250.6679      0.1050678    
         835   512.0000      -5041.996       232.7991      0.1015471    
         838   512.0000      -5039.803       232.9205      0.1015913    
         839   493.0000      -5039.394       213.9432      9.7829230E-02
         841   489.0000      -5038.776       209.9774      9.7047381E-02
         843   485.0000      -5036.168       206.1218      9.6303374E-02
         847   470.0000      -5034.601       191.2086      9.3353972E-02
         849   470.0000      -5033.137       191.2897      9.3381129E-02
         852   442.0000      -5022.747       163.8650      8.7999664E-02
         858   441.0000      -5021.540       162.9318      8.7821662E-02
         860   442.0000      -5019.931       164.0209      8.8049024E-02
         865   436.0000      -5018.663       158.0912      8.6875737E-02
         868   436.0000      -5018.200       158.1168      8.6883739E-02
         869   435.0000      -5017.198       157.1722      8.6701773E-02
         873   431.0000      -5016.721       153.1987      8.5912697E-02
         874   431.0000      -5016.694       153.2002      8.5913144E-02
         876   417.0000      -5017.060       139.1799      8.3116405E-02
         878   412.0000      -5015.147       134.2859      8.2151130E-02
         880   412.0000      -5014.989       134.2946      8.2153715E-02
         887   403.0000      -5013.227       198.9771      8.0387354E-02
         888   401.0000      -5011.826       197.0341      8.0010764E-02
         889   401.0000      -5011.318       197.0548      8.0018863E-02
         892   401.0000      -5011.085       197.0643      8.0022581E-02
         894   392.0000      -5008.560       188.1671      7.8266017E-02
         897   384.0000      -5007.727       180.2009      7.6681495E-02
         898   378.0000      -5007.446       174.2124      7.5487584E-02
         899   371.0000      -5005.675       167.2844      7.4115872E-02
         909   370.0000      -5005.633       166.2861      7.3916718E-02
         912   364.0000      -5004.940       160.3144      7.2728142E-02
         913   363.0000      -5003.448       159.3751      7.2549969E-02
         915   363.0000      -5002.184       159.4265      7.2568297E-02
         916   363.0000      -5000.487       159.4956      7.2592922E-02
         919   354.0000      -4999.916       150.5188      7.0801191E-02
         920   345.0000      -4998.602       141.5723      6.9019303E-02
         929   345.0000      -4998.331       141.5833      6.9023043E-02
         932   343.0000      -4997.759       139.6066      6.8630762E-02
         936   343.0000      -4996.621       139.6530      6.8646394E-02
         937   335.0000      -4997.734       131.6076      6.7030370E-02
         944   325.0000      -4993.673       121.7729      6.5082356E-02
         945   311.0000      -4991.959      -37.02295      6.2300187E-02
         950   310.0000      -4991.178      -37.96848      6.2109582E-02
         953   300.0000      -4991.045      -47.95917      6.0107652E-02
         955   298.0000      -4989.928      -49.88132      5.9720296E-02
         958   296.0000      -4986.191      -51.62082      5.9363946E-02
         964   293.0000      -4983.622      -54.44165      5.8792587E-02
         976   284.0000      -4982.982      -63.39706      5.6993984E-02
         981   279.0000      -4981.274      -68.27802      5.6009762E-02
         983   270.0000      -4981.305      -77.28015      5.4202661E-02
         985   267.0000      -4977.703      -80.02905      5.3639196E-02
         986   263.0000      -4973.744      -83.75299      5.2877676E-02
         996   262.0000      -4971.571      -84.60153      5.2699640E-02
         998   261.0000      -4970.788      -85.54694      5.2506763E-02
        1001   260.0000      -4967.143      -86.29285      5.2343972E-02
        1011   257.0000      -4966.213      -89.22797      5.1749695E-02
        1020   253.0000      -4967.883      -93.34442      5.0927121E-02
        1022   245.0000      -4966.212      -101.2279      4.9333375E-02
        1023   242.0000      -4965.364      -104.1688      4.8737619E-02
        1024   237.0000      -4965.544      -109.1814      4.7728904E-02
        1032   233.0000      -4966.909      -113.2765      4.6910465E-02
        1034   234.0000      -4964.806       118.7806      4.7131751E-02
        1036   233.0000      -4964.584       117.7858      4.6932429E-02
        1038   222.0000      -4963.656       106.8073      4.4725094E-02
        1040   222.0000      -4964.273       106.7930      4.4719536E-02
        1042   222.0000      -4963.404       106.8132      4.4727366E-02
        1047   222.0000      -4963.053       106.8213      4.4730529E-02
        1054   222.0000      -4963.242       106.8169      4.4728827E-02
        1059   222.0000      -4962.653       106.8306      4.4734139E-02
        1066   222.0000      -4962.001       106.8457      4.4740010E-02
        1076   222.0000      -4960.355       106.8839      4.4754855E-02
        1077   222.0000      -4956.038       106.9841      4.4793848E-02
        1080   221.0000      -4955.320       106.0008      4.4598535E-02
        1082   221.0000      -4954.969       106.0089      4.4601690E-02
        1083   221.0000      -4953.730       106.0377      4.4612844E-02
        1086   221.0000      -4952.719       106.0611      4.4621952E-02
        1096   206.0000      -4951.843       91.08146      4.1600671E-02
        1104   201.0000      -4951.253       86.09515      4.0595781E-02
        1112   201.0000      -4951.003       86.10096      4.0597834E-02
        1114   201.0000      -4951.684       86.08516      4.0592253E-02
        1129   201.0000      -4950.223       86.11906      4.0604230E-02
        1135   192.0000      -4945.147      -63.42683      3.8825940E-02
        1139   175.0000      -4945.107      -80.42471      3.5388518E-02
        1140   169.0000      -4943.729      -86.35358      3.4184717E-02
        1141   168.0000      -4940.464      -87.18494      3.4004901E-02
        1157   168.0000      -4939.882      -87.15488      3.4008909E-02
        1163   168.0000      -4939.958      -87.15880      3.4008384E-02
        1170   158.0000      -4935.436      -96.92522      3.2013383E-02
        1177   158.0000      -4934.566      -96.88025      3.2019027E-02
        1189   150.0000      -4929.668      -104.6273      3.0428013E-02
        1191   150.0000      -4929.570      -104.6222      3.0428616E-02
        1199   149.0000      -4932.807      -105.7894      3.0205924E-02
        1201   149.0000      -4932.076      -105.7516      3.0210404E-02
        1202   149.0000      -4931.329      -105.7131      3.0214978E-02
        1207   134.0000      -4930.288      -120.6593      2.7178941E-02
        1223   134.0000      -4926.705      -120.4742      2.7198706E-02
        1224   134.0000      -4925.740      -120.4244      2.7204033E-02
        1229   132.0000      -4925.617      -122.4180      2.6798675E-02
        1241   134.0000      -4924.873      -120.3796      2.7208826E-02
        1244   127.0000      -4925.728      -127.4238      2.5782993E-02
        1245   125.0000      -4926.344      -129.4556      2.5373785E-02
        1254   125.0000      -4926.255      -33.26505      2.5374245E-02
        1257   124.0000      -4923.734      -34.18407      2.5184136E-02
        1267   122.0000      -4921.246      -36.10413      2.4790470E-02
        1274   121.0000      -4921.703      -37.11882      2.4584986E-02
        1275   119.0000      -4920.485      -39.07970      2.4184607E-02
        1280   113.0000      -4915.593      -44.92252      2.2988070E-02
        1298   113.0000      -4914.561      -44.88934      2.2992900E-02
        1302   110.0000      -4910.613      -47.76251      2.2400463E-02
        1303   109.0000      -4910.843      -48.76993      2.2195781E-02
        1304   109.0000      -4910.603      -48.76221      2.2196867E-02
        1305   106.0000      -4909.128      -51.71483      2.1592427E-02
        1308   104.0000      -4908.915      -53.70798      2.1185944E-02
        1313   104.0000      -4908.427      -53.69229      2.1188052E-02
        1315   103.0000      -4907.783      -54.67162      2.0987073E-02
        2267   101.0000      -4907.318      -56.65666      2.0581508E-02
        2268   101.0000      -4906.272      -56.62306      2.0585895E-02
        2274   101.0000      -4906.238      -56.62196      2.0586038E-02
        2281   98.00000      -4904.678      -59.57185      1.9980926E-02
        2285   98.00000      -4903.814      -59.54410      1.9984445E-02
        2296   91.00000      -4900.393      -66.43417      1.8569941E-02
        2309   87.00000      -4899.078      -56.05992      1.7758444E-02
        2311   87.00000      -4898.719      -56.04945      1.7759744E-02
        2312   85.00000      -4896.878      -57.99568      1.7357999E-02
        2328   85.00000      -4896.404      -57.98183      1.7359680E-02
        2332   85.00000      -4896.194      -57.97572      1.7360423E-02
        2345   85.00000      -4896.068      -57.97202      1.7360870E-02
        2360   85.00000      -4893.127      -57.88614      1.7371304E-02
        2375   81.00000      -4891.847      -61.84875      1.6558165E-02
        2402   81.00000      -4890.244      -61.80196      1.6563591E-02
        2421   72.00000      -4885.029      -70.64969      1.4738909E-02
        2422   73.00000      -4884.314      -69.62880      1.4945802E-02
        2427   73.00000      -4883.127      -69.59413      1.4949437E-02
        2439   73.00000      -4883.029      -69.59128      1.4949736E-02
        2443   69.00000      -4880.445      -73.51582      1.4138054E-02
        2449   69.00000      -4877.377      -73.42624      1.4146947E-02
        2450   69.00000      -4877.259      -73.42276      1.4147291E-02
        2471   69.00000      -4876.734      -73.40746      1.4148813E-02
        2479   64.00000      -4873.696      -78.31873      1.3131718E-02
        2496   61.00000      -4870.095      -81.21356      1.2525423E-02
        2498   60.00000      -4870.909      -82.23735      1.2318029E-02
        2506   60.00000      -4869.923      -43.47123      1.2320524E-02
        2512   60.00000      -4867.209      -43.41358      1.2327393E-02
        2521   60.00000      -4866.249      -43.39318      1.2329825E-02
        2545   60.00000      -4865.649      -43.38044      1.2331345E-02
        2549   60.00000      -4865.401      -43.37517      1.2331974E-02
        2553   60.00000      -4872.971      -43.53599      1.2312817E-02
        2557   60.00000      -4872.337      -43.52254      1.2314418E-02
        2558   57.00000      -4870.876      -46.49149      1.1702206E-02
        2563   57.00000      -4870.275      -46.47873      1.1703650E-02
        2565   57.00000      -4869.403      -46.46020      1.1705746E-02
        2571   57.00000      -4868.340      -46.43760      1.1708303E-02
        2581   57.00000      -4867.893      -46.42812      1.1709378E-02
        2590   57.00000      -4867.501      -46.41978      1.1710322E-02
        2594   57.00000      -4864.835      -46.36314      1.1716737E-02
        2613   53.00000      -4867.721      -50.42445      1.0888053E-02
        2624   45.00000      -4869.113      -58.45403      9.2419302E-03
        2645   45.00000      -4867.204      -58.41348      9.2455540E-03
        2655   45.00000      -4866.315      -58.39458      9.2472434E-03
        2657   44.00000      -4865.749      -59.38254      9.0428023E-03
        2662   44.00000      -4865.685      -59.38119      9.0429205E-03
        2670   44.00000      -4865.640      -376.0992      9.0430044E-03
        2710   44.00000      -4868.450      -376.3418      9.0377843E-03
        2715   44.00000      -4866.377      -376.1628      9.0416344E-03
        2725   44.00000      -4865.861      -376.1182      9.0425927E-03
        2729   44.00000      -4866.420      -376.1665      9.0415543E-03
        2733   44.00000      -4866.150      -376.1432      9.0420563E-03
        2734   44.00000      -4864.739      -376.0214      9.0446780E-03
        2735   44.00000      -4862.725      -375.8475      9.0484247E-03
        2744   42.00000      -4863.560      -377.9196      8.6356495E-03
        2746   41.00000      -4861.094      -378.7067      8.4343152E-03
        2772   41.00000      -4859.935      -378.6065      8.4363278E-03
        2780   41.00000      -4859.740      -378.5898      8.4366649E-03
        2786   39.00000      -4848.659      -379.6331      8.0434605E-03
        2787   39.00000      -4848.104      -379.5851      8.0443826E-03
        2799   38.00000      -4850.416      -380.7847      7.8343796E-03
        2827   38.00000      -4850.764      -380.8148      7.8338180E-03
        2844   38.00000      -4849.841      -380.7351      7.8353090E-03
        2848   38.00000      -4849.617      -380.7157      7.8356704E-03
        2849   38.00000      -4848.354      -380.6067      7.8377128E-03
        2889   38.00000      -4845.731      -380.3802      7.8419531E-03
        2910   38.00000      -4845.667       26.16857      7.8420583E-03
        2917   36.00000      -4845.817       24.16820      7.4290871E-03
        2918   32.00000      -4843.573       20.17368      6.6066929E-03
        2919   32.00000      -4843.208       20.17457      6.6071907E-03
        2946   32.00000      -4842.452       20.17642      6.6082221E-03
        2948   31.00000      -4839.488       19.18365      6.4056357E-03
        2950   31.00000      -4835.669       19.19298      6.4106951E-03
        2966   30.00000      -4838.478       18.18612      6.2002973E-03
        2984   30.00000      -4838.134       18.18696      6.2007378E-03
        2986   30.00000      -4834.869       18.19493      6.2049255E-03
        2987   30.00000      -4833.620       18.19798      6.2065287E-03
        3015   29.00000      -4831.071       17.20421      6.0028099E-03
        3018   26.00000      -4828.325       14.21091      5.3848904E-03
        3037   26.00000      -4827.506       14.21291      5.3858040E-03
        3041   25.00000      -4827.068       13.21398      5.1791277E-03
        3057   25.00000      -4827.121       13.21385      5.1790704E-03
        3065   25.00000      -4827.453       13.21304      5.1787142E-03
        3073   25.00000      -4826.611       13.21510      5.1796180E-03
        3106   26.00000      -4824.839       14.21942      5.3887805E-03
        3115   23.00000      -4822.888       11.22419      4.7689271E-03
        3127   23.00000      -4823.012      -601.9341      4.7688042E-03
        3135   23.00000      -4823.754      -602.0303      4.7680703E-03
        3162   23.00000      -4823.920      -602.0518      4.7679064E-03
        3176   23.00000      -4823.978      -602.0592      4.7678496E-03
        3177   23.00000      -4821.454      -601.7322      4.7703455E-03
        3182   23.00000      -4823.245      -601.9642      4.7685741E-03
        3185   23.00000      -4820.854      -601.6544      4.7709392E-03
        3197   22.00000      -4821.715      -602.7660      4.5626923E-03
        3206   22.00000      -4822.404      -602.8553      4.5620403E-03
        3211   19.00000      -4821.808      -605.7780      3.9404309E-03
        3218   18.00000      -4821.457      -606.7325      3.7333113E-03
        3238   17.00000      -4821.042      -607.6788      3.5262087E-03
        3264   17.00000      -4822.321      -607.8445      3.5252732E-03
        3269   18.00000      -4821.863      -606.7852      3.7329972E-03
        3278   18.00000      -4822.205      -606.8295      3.7327323E-03
        3287   18.00000      -4822.810      -606.9079      3.7322638E-03
        3302   18.00000      -4821.767      -606.7727      3.7330715E-03
        3359   16.00000      -4820.198      -608.5695      3.3193654E-03
        3366   14.00000      -4819.360      -610.4609      2.9049497E-03
        3388   13.00000      -4819.415      -611.4679      2.6974231E-03
        3446   13.00000      -4817.821      -40.56479      2.6983153E-03
        3473   13.00000      -4817.367      -40.55974      2.6985698E-03
        3474   13.00000      -4819.601      -40.58457      2.6973190E-03
        3489   13.00000      -4819.355      -40.58185      2.6974562E-03
        3512   13.00000      -4819.160      -40.57967      2.6975658E-03
        3680   14.00000      -4817.620      -39.56256      2.9059991E-03
        3689   15.00000      -4818.433      -38.57159      3.1130456E-03
        3713   14.00000      -4819.681      -39.58547      2.9047565E-03
        3719   15.00000      -4816.196      -38.54672      3.1144912E-03
        3720   15.00000      -4814.279      -38.52541      3.1157315E-03
        3723   15.00000      -4815.238      -38.53607      3.1151110E-03
        3739   15.00000      -4814.886      -38.53216      3.1153385E-03
        3755   13.00000      -4813.993      -40.52223      2.7004611E-03
        3764   13.00000      -4810.401      -40.48230      2.7024772E-03
        3797   13.00000      -4809.779      -40.47538      2.7028266E-03
        3808   13.00000      -4810.128      -40.47926      2.7026306E-03
        3810   13.00000      -4809.604      -40.47344      2.7029249E-03
        3825   13.00000      -4809.500      -40.47227      2.7029840E-03
        3853   13.00000      -4808.620      -40.46249      2.7034783E-03
        3872   13.00000      -4807.826      -40.45366      2.7039247E-03
        3885   13.00000      -4807.202      -43.87185      2.7042760E-03
        3909   13.00000      -4806.944      -43.86880      2.7044211E-03
        3916   13.00000      -4807.019      -43.86969      2.7043789E-03
        3919   13.00000      -4806.815      -43.86728      2.7044935E-03
        3946   13.00000      -4803.686      -43.83025      2.7062553E-03
        3965   13.00000      -4803.483      -43.82786      2.7063694E-03
        3970   15.00000      -4802.628      -41.81774      3.1232901E-03
        3972   15.00000      -4802.653      -41.81804      3.1232736E-03
        3974   15.00000      -4804.979      -41.84555      3.1217618E-03
        3981   16.00000      -4803.057      -40.82281      3.3312116E-03
        3991   16.00000      -4799.415      -40.77973      3.3337399E-03
        3994   16.00000      -4797.816      -40.76081      3.3348508E-03
        3998   16.00000      -4794.681      -40.72372      3.3370310E-03
        4001   14.00000      -4794.507      -42.72166      2.9200083E-03
        4002   14.00000      -4794.390      -42.72028      2.9200797E-03
        4142   14.00000      -4791.355      -42.68438      2.9219289E-03
        4147   14.00000      -4787.902      -42.64352      2.9240365E-03
        4158   14.00000      -4786.578      -42.62786      2.9248451E-03
        4167   14.00000      -4786.265      -42.62415      2.9250367E-03
        4171   13.00000      -4784.537      -43.60371      2.7170866E-03
        4172   13.00000      -4784.289      -25.06627      2.7172272E-03
        4178   13.00000      -4783.691      -25.06150      2.7175669E-03
        4179   13.00000      -4782.486      -25.05192      2.7182517E-03
        4184   13.00000      -4781.424      -25.04346      2.7188554E-03
        4186   13.00000      -4780.574      -25.03670      2.7193390E-03
        4190   14.00000      -4781.436      -24.04356      2.9279909E-03
        4195   14.00000      -4783.968      -24.06371      2.9264409E-03
        4207   14.00000      -4784.288      -24.06625      2.9262451E-03
        4214   14.00000      -4783.598      -24.06076      2.9266675E-03
        4225   14.00000      -4782.235      -24.04992      2.9275012E-03
        4246   14.00000      -4779.612      -24.02905      2.9291082E-03
        4259   14.00000      -4776.003      -24.00034      2.9313213E-03
        4294   14.00000      -4775.843      -23.99907      2.9314195E-03
        4312   14.00000      -4776.213      -24.00201      2.9311925E-03
        4316   13.00000      -4772.903      -24.97567      2.7237090E-03
        4321   12.00000      -4772.864      -25.97536      2.5142138E-03
        4327   12.00000      -4772.873      -25.97543      2.5142091E-03
        4340   12.00000      -4771.473      -25.96429      2.5149467E-03
        4361   11.00000      -4770.495      -26.95651      2.3058404E-03
        4401   11.00000      -4770.437      -26.95605      2.3058683E-03
        4418   11.00000      -4770.959      -74.94454      2.3056159E-03
        4428   11.00000      -4769.163      -74.91218      2.3064846E-03
        4429   12.00000      -4766.670      -73.86727      2.5174809E-03
        4433   12.00000      -4763.660      -73.81305      2.5190713E-03
        4456   9.000000      -4763.174      -76.80430      1.8894962E-03
        4466   8.000000      -4760.261      -77.75181      1.6805802E-03
        4479   8.000000      -4758.628      -77.72240      1.6811567E-03
        4481   8.000000      -4757.442      -77.70103      1.6815760E-03
        4496   8.000000      -4758.008      -77.71123      1.6813760E-03
        4503   8.000000      -4757.825      -77.70793      1.6814406E-03
        4515   8.000000      -4757.303      -77.69853      1.6816251E-03
        4516   8.000000      -4756.661      -77.68697      1.6818520E-03
        4522   8.000000      -4755.747      -77.67049      1.6821754E-03
        5688   7.000000      -4754.621      -78.65022      1.4722521E-03
        5689   7.000000      -4753.838      -78.63611      1.4724944E-03
        5704   7.000000      -4752.604      -78.61388      1.4728768E-03
        5717   7.000000      -4753.035      -78.62164      1.4727433E-03
        5722   7.000000      -4750.112      -78.56899      1.4736495E-03
        5750   7.000000      -4749.652      -78.56071      1.4737922E-03
        5758   7.000000      -4746.105      -78.49682      1.4748935E-03
        5762   7.000000      -4745.725      -37.78217      1.4750117E-03
        5784   7.000000      -4745.541      -37.78043      1.4750691E-03
        5787   7.000000      -4748.271      -37.80620      1.4742208E-03
        5802   7.000000      -4748.808      -37.81127      1.4740541E-03
        5805   5.000000      -4747.869      -39.80240      1.0531041E-03
        5821   5.000000      -4748.120      -39.80477      1.0530484E-03
        5823   5.000000      -4746.257      -39.78720      1.0534617E-03
        5825   5.000000      -4745.325      -39.77840      1.0536687E-03
        5827   5.000000      -4744.354      -39.76924      1.0538842E-03
        5837   6.000000      -4744.293      -38.76867      1.2646773E-03
        5839   6.000000      -4744.146      -38.76728      1.2647164E-03
        5857   6.000000      -4745.450      -38.77958      1.2643691E-03
        5863   6.000000      -4746.439      -38.78891      1.2641054E-03
        5874   6.000000      -4745.475      -38.77981      1.2643625E-03
        5877   6.000000      -4745.449      -38.77957      1.2643692E-03
        5884   6.000000      -4744.048      -38.76635      1.2647427E-03
        5942   6.000000      -4745.620      -38.78118      1.2643238E-03
        5943   6.000000      -4743.043      -38.75686      1.2650107E-03
        5951   6.000000      -4742.122      -38.74817      1.2652563E-03
        5954   5.000000      -4741.609      -39.74334      1.0544943E-03
        5983   5.000000      -4740.967      -100.3880      1.0546373E-03
        6008   5.000000      -4740.111      -100.3690      1.0548277E-03
        6021   5.000000      -4738.464      -100.3324      1.0551942E-03
        6057   5.000000      -4738.324      -100.3293      1.0552254E-03
        6066   5.000000      -4737.880      -100.3194      1.0553242E-03
        6083   5.000000      -4737.930      -100.3205      1.0553132E-03
        6113   5.000000      -4737.882      -100.3195      1.0553238E-03
        6124   5.000000      -4736.176      -100.2815      1.0557041E-03
        6189   5.000000      -4736.087      -100.2796      1.0557239E-03
        6203   5.000000      -4735.022      -100.2559      1.0559614E-03
        6205   5.000000      -4734.210      -100.2378      1.0561424E-03
        6215   5.000000      -4729.944      -100.1430      1.0570950E-03
        6229   5.000000      -4731.504      -100.1777      1.0567465E-03
        6249   5.000000      -4732.242      -100.1941      1.0565816E-03
        6255   5.000000      -4732.252      -100.1943      1.0565794E-03
        6256   5.000000      -4734.055      -100.2344      1.0561771E-03
        6264   5.000000      -4734.054      -100.2344      1.0561773E-03
        6270   7.000000      -4733.897      -98.23087      1.4786972E-03
        6281   7.000000      -4729.091      -98.12404      1.4802000E-03
        6283   7.000000      -4728.277      -98.10596      1.4804546E-03
        6285   7.000000      -4727.480      -24.05838      1.4807043E-03
        6314   7.000000      -4726.891      -24.05451      1.4808888E-03
        6324   7.000000      -4727.249      -24.05686      1.4807768E-03
        6325   7.000000      -4725.471      -24.04518      1.4813337E-03
        6330   8.000000      -4720.947      -23.01546      1.6945753E-03
        6343   9.000000      -4721.311      -22.01785      1.9062501E-03
        6363   9.000000      -4719.792      -22.00788      1.9068635E-03
        6373   8.000000      -4718.705      -23.00073      1.6953804E-03
        6390   8.000000      -4718.582      -22.99992      1.6954248E-03
        6411   8.000000      -4721.326      -23.01795      1.6944393E-03
        6416   8.000000      -4721.154      -23.01682      1.6945010E-03
        6425   8.000000      -4716.375      -22.98543      1.6962178E-03
        6429   8.000000      -4716.058      -22.98334      1.6963319E-03
        6435   8.000000      -4716.688      -22.98748      1.6961055E-03
        6440   8.000000      -4712.228      -22.95818      1.6977107E-03
        6446   9.000000      -4711.959      -21.95641      1.9100336E-03
        6454   11.00000      -4710.035      -19.94377      2.3354390E-03
        6463   11.00000      -4710.412      -19.94625      2.3352525E-03
        6467   10.00000      -4705.395      -20.91329      2.1252204E-03
        6473   10.00000      -4705.731      -20.91549      2.1250683E-03
        6501   10.00000      -4705.499      -74.59544      2.1251733E-03
        6503   10.00000      -4705.249      -74.59095      2.1252860E-03
        6504   10.00000      -4703.998      -74.56844      2.1258513E-03
        6549   10.00000      -4703.954      -74.56767      2.1258711E-03
        6563   10.00000      -4704.018      -74.56881      2.1258425E-03
        6583   10.00000      -4700.491      -74.50541      2.1274372E-03
        6608   10.00000      -4700.651      -74.50829      2.1273647E-03
        6613   10.00000      -4700.602      -74.50740      2.1273873E-03
        6626   9.000000      -4701.153      -75.51731      1.9144239E-03
        6633   9.000000      -4700.350      -75.50287      1.9147511E-03
        6678   9.000000      -4699.368      -75.48521      1.9151513E-03
        6704   8.000000      -4697.023      -76.44307      1.7032063E-03
        6711   8.000000      -4696.013      -76.42490      1.7035727E-03
        6718   8.000000      -4694.307      -76.39423      1.7041919E-03
        6738   8.000000      -4692.936      -76.36958      1.7046898E-03
        6741   8.000000      -4692.111      -76.35476      1.7049894E-03
        6755   7.000000      -4691.414      -77.34221      1.4920876E-03
        6770   7.000000      -4688.724      -77.29385      1.4929436E-03
        6771   7.000000      -4687.757      -77.27648      1.4932514E-03
        6782   7.000000      -4688.036      -77.28149      1.4931627E-03
        6785   7.000000      -4687.574      -27.99568      1.4933097E-03
        6806   7.000000      -4685.901      -27.98319      1.4938428E-03
        6809   7.000000      -4686.025      -27.98411      1.4938035E-03
        6824   7.000000      -4684.549      -27.97309      1.4942741E-03
        6833   7.000000      -4681.028      -27.94681      1.4953981E-03
        6844   7.000000      -4679.406      -27.93470      1.4959163E-03
        6861   7.000000      -4676.629      -27.91397      1.4968045E-03
        6870   7.000000      -4676.602      -27.91376      1.4968133E-03
        6880   7.000000      -4677.901      -27.92347      1.4963975E-03
        6890   7.000000      -4677.762      -27.92242      1.4964422E-03
        6897   7.000000      -4676.693      -27.91445      1.4967840E-03
        6907   7.000000      -4676.077      -27.90985      1.4969812E-03
        6918   7.000000      -4675.816      -27.90790      1.4970649E-03
        6919   7.000000      -4675.889      -27.90844      1.4970414E-03
        6928   7.000000      -4674.700      -27.89956      1.4974223E-03
        6957   7.000000      -4674.833      -27.90056      1.4973797E-03
        6965   6.000000      -4676.313      -28.91161      1.2830619E-03
        6967   6.000000      -4677.816      -28.92283      1.2826499E-03
        6968   6.000000      -4675.883      -28.90840      1.2831802E-03
        6975   6.000000      -4675.331      -28.90428      1.2833315E-03
        6989   6.000000      -4677.986      -46.05093      1.2826032E-03
        6997   6.000000      -4677.578      -46.04639      1.2827151E-03
        7008   6.000000      -4677.592      -46.04654      1.2827113E-03
        7016   6.000000      -4677.159      -46.04173      1.2828300E-03
        7026   6.000000      -4676.667      -46.03625      1.2829651E-03
        7028   6.000000      -4676.602      -46.03553      1.2829828E-03
        7032   6.000000      -4674.341      -46.01037      1.2836035E-03
        7045   6.000000      -4673.885      -46.00529      1.2837288E-03
        7053   6.000000      -4673.768      -46.00400      1.2837608E-03
        7076   6.000000      -4673.490      -46.00090      1.2838372E-03
        7111   6.000000      -4667.180      -45.93069      1.2855730E-03
        7127   6.000000      -4664.987      -45.90630      1.2861771E-03
        7160   6.000000      -4662.880      -45.88285      1.2867583E-03
        7164   6.000000      -4662.715      -45.88101      1.2868040E-03
        7186   6.000000      -4656.594      -45.81290      1.2884955E-03
        7194   6.000000      -4655.685      -45.80280      1.2887469E-03
        7207   6.000000      -4655.936      -45.80558      1.2886777E-03
        7219   6.000000      -4650.141      -45.74110      1.2902835E-03
        7220   6.000000      -4646.057      -45.69567      1.2914176E-03
        7231   6.000000      -4648.734      -45.72545      1.2906740E-03
        7237   6.000000      -4647.421       6.000000      1.2910387E-03
        7248   6.000000      -4651.791       6.000000      1.2898259E-03
        7252   6.000000      -4653.024       6.000000      1.2894839E-03
        7256   8.000000      -4651.940       8.000000      1.7197125E-03
        7276   8.000000      -4648.160       8.000000      1.7211111E-03
        7283   8.000000      -4645.205       8.000000      1.7222061E-03
        7295   8.000000      -4645.348       8.000000      1.7221529E-03
        7310   8.000000      -4647.314       8.000000      1.7214243E-03
        7318   8.000000      -4645.819       8.000000      1.7219783E-03
        7323   8.000000      -4643.106       8.000000      1.7229846E-03
        7329   8.000000      -4643.074       8.000000      1.7229964E-03
        7359   8.000000      -4642.999       8.000000      1.7230244E-03
        7364   8.000000      -4643.425       8.000000      1.7228663E-03
        7425   8.000000      -4643.941       8.000000      1.7226746E-03
        7515   8.000000      -4646.426       8.000000      1.7217535E-03
        7523   8.000000      -4644.537       8.000000      1.7224536E-03
        7546   8.000000      -4642.365       8.000000      1.7232595E-03
        7550   8.000000      -4639.771       8.000000      1.7242228E-03
        7568   8.000000      -4639.177       8.000000      1.7244437E-03
        7576   8.000000      -4639.124       8.000000      1.7244637E-03
        7612   8.000000      -4638.692          -Infinity  1.7246240E-03
