 step, chi2, energy, chi2-energy, chi2/energy, alpha weight, beta weight
           1   24564.00      -5700.630       24189.70       4.308998    
           1   24444.00      -5696.516       24069.97       4.291044    
           2   24351.00      -5695.134       23977.06       4.275755    
           4   24218.00      -5692.256       23844.25       4.254552    
           7   23710.00      -5689.825       23336.41       4.167088    
           9   22986.00      -5684.632       22612.75       4.043533    
          10   22867.00      -5683.106       22493.85       4.023680    
          13   22502.00      -5682.008       22128.92       3.960220    
          14   22202.00      -5679.340       21829.10       3.909257    
          18   21944.00      -5677.467       21571.22       3.865104    
          21   21906.00      -5676.470       21533.28       3.859089    
          23   21592.00      -5674.269       21219.43       3.805248    
          25   21283.00      -5671.986       20910.58       3.752301    
          26   21238.00      -5669.250       20865.76       3.746174    
          30   21219.00      -5668.163       20846.83       3.743541    
          31   20957.00      -5665.907       20584.98       3.698790    
          32   20754.00      -5663.635       20382.13       3.664431    
          35   20404.00      -5663.101       20032.16       3.602973    
          37   20279.00      -5659.422       19907.40       3.583228    
          38   20241.00      -5654.835       19869.71       3.579415    
          41   20147.00      -5652.738       14003.75       3.564113    
          43   19958.00      -5649.097       13818.71       3.532954    
          45   19955.00      -5646.372       13818.67       3.534128    
          49   19886.00      -5643.458       13752.84       3.523726    
          50   19540.00      -5641.531       13408.93       3.463599    
          52   19522.00      -5637.131       13395.72       3.463109    
          53   19480.00      -5635.258       13355.75       3.456807    
          57   19472.00      -5631.811       13351.50       3.457502    
          59   19253.00      -5630.383       13134.05       3.419483    
          60   19124.00      -5626.253       13009.54       3.399065    
          64   18999.00      -5620.187       12891.13       3.380492    
          65   18861.00      -5616.650       12756.97       3.358052    
          66   18682.00      -5615.601       12579.11       3.326803    
          69   18640.00      -5612.734       12540.23       3.321019    
          70   18553.00      -5611.506       12454.56       3.306243    
          73   18294.00      -5610.317       12196.86       3.260778    
          75   17934.00      -5606.671       11840.82       3.198689    
          78   17761.00      -5602.279       11672.59       3.170317    
          79   17689.00      -5600.440       11602.59       3.158502    
          83   17487.00      -5599.832       11401.25       3.122772    
          88   17280.00      -5593.529       17112.50       3.089284    
          89   17243.00      -5592.030       17075.54       3.083496    
          90   17209.00      -5590.194       17041.60       3.078426    
          93   16983.00      -5587.584       16815.67       3.039418    
          94   16733.00      -5584.373       16565.77       2.996397    
          98   16575.00      -5583.750       16407.79       2.968435    
         101   16423.00      -5582.860       16255.82       2.941682    
         102   16419.00      -5580.105       16251.90       2.942418    
         103   16299.00      -5577.853       16131.97       2.922092    
         104   15937.00      -5576.121       15770.02       2.858080    
         105   15765.00      -5570.580       15598.18       2.830046    
         107   15756.00      -5569.137       15589.23       2.829164    
         109   15604.00      -5566.063       15437.32       2.803417    
         111   15390.00      -5564.599       15223.36       2.765698    
         113   15390.00      -5564.379       15223.37       2.765807    
         115   15256.00      -5563.018       15089.41       2.742397    
         116   15091.00      -5562.089       14924.44       2.713189    
         117   14844.00      -5564.295       14677.37       2.667723    
         118   14844.00      -5563.877       14677.38       2.667924    
         119   14821.00      -5559.682       14654.51       2.665800    
         120   14779.00      -5554.407       5873.238       2.660770    
         123   14595.00      -5552.376       5692.494       2.628604    
         124   14431.00      -5551.836       5529.361       2.599320    
         125   14350.00      -5550.342       5450.757       2.585426    
         126   14161.00      -5547.833       5265.779       2.552528    
         127   14141.00      -5545.586       5249.382       2.549956    
         129   14013.00      -5539.548       5131.063       2.529629    
         130   13800.00      -5533.909       4927.105       2.493717    
         132   13151.00      -5528.095       4287.428       2.378939    
         134   13141.00      -5527.769       4277.950       2.377270    
         135   12999.00      -5525.365       4139.805       2.352605    
         136   12779.00      -5520.961       3926.864       2.314633    
         137   12763.00      -5520.002       3912.403       2.312137    
         138   12647.00      -5517.496       3800.421       2.292163    
         139   12537.00      -5516.279       3692.372       2.272728    
         140   12291.00      -5511.370       3454.243       2.230117    
         143   12099.00      -5506.573       3269.935       2.197192    
         144   11489.00      -5502.276       2666.823       2.088045    
         148   11479.00      -5500.871       2659.077       2.086761    
         150   11372.00      -5498.301       2556.197       2.068275    
         151   11229.00      -5495.670       11097.75       2.043245    
         152   11072.00      -5492.673       10940.82       2.015776    
         153   10950.00      -5491.985       10818.84       1.993814    
         154   10744.00      -5490.652       10612.87       1.956780    
         155   10690.00      -5487.455       10558.95       1.948080    
         157   10526.00      -5485.122       10395.00       1.919009    
         159   10297.00      -5483.549       10166.04       1.877798    
         160   10297.00      -5482.281       10166.07       1.878233    
         161   10254.00      -5480.243       10123.12       1.871085    
         162   10209.00      -5477.600       10078.18       1.863772    
         166   10156.00      -5473.454       10025.28       1.855501    
         167   9886.000      -5466.257       9755.452       1.808550    
         168   9886.000      -5466.227       9755.453       1.808560    
         169   9861.000      -5464.885       9730.484       1.804430    
         171   9858.000      -5462.770       9727.535       1.804579    
         174   9838.000      -5457.855       9707.652       1.802539    
         175   9836.000      -5456.414       9705.688       1.802649    
         178   9727.000      -5455.542       9596.708       1.782958    
         179   9667.000      -5453.320       9536.761       1.772682    
         180   9510.000      -5452.063       9379.791       1.744294    
         181   9317.000      -5448.426       4463.414       1.710035    
         182   9222.000      -5446.713       4369.939       1.693131    
         183   9091.000      -5443.300       4241.979       1.670126    
         184   8971.000      -5440.184       4124.755       1.649025    
         187   8918.000      -5436.293       4075.221       1.640456    
         188   8878.000      -5435.550       4035.883       1.633321    
         190   8850.000      -5433.333       4009.858       1.628834    
         193   8822.000      -5431.259       3983.706       1.624301    
         195   8671.000      -5428.556       3835.115       1.597294    
         197   8623.000      -5427.729       3787.850       1.588694    
         199   8520.000      -5424.426       3687.793       1.570673    
         200   8397.000      -5425.340       3563.979       1.547737    
         202   8189.000      -5424.348       3356.862       1.509674    
         203   8067.000      -5422.884       3236.167       1.487585    
         204   7981.000      -5415.265       3156.954       1.473797    
         207   7919.000      -5410.411       3099.278       1.463660    
         210   7852.000      -5407.971       3034.451       1.451931    
         211   7852.000      -5407.757       3034.643       1.451988    
         213   7607.000      -5406.458       2790.800       1.407021    
         214   7569.000      -5406.289       2752.950       1.400036    
         217   7318.000      -5403.219       7150.145       1.354378    
         218   7147.000      -5401.649       6979.194       1.323114    
         219   7064.000      -5399.595       6896.258       1.308246    
         221   6889.000      -5397.921       6721.310       1.276232    
         222   6747.000      -5395.611       6579.382       1.250461    
         223   6679.000      -5394.977       6511.401       1.238003    
         224   6595.000      -5390.244       6427.548       1.223507    
         225   6581.000      -5389.478       6413.572       1.221083    
         226   6381.000      -5387.175       6213.644       1.184480    
         228   6349.000      -5382.392       6181.792       1.179587    
         229   6225.000      -5380.935       6057.837       1.156862    
         232   6195.000      -5378.842       6027.902       1.151735    
         238   6188.000      -5377.951       6020.930       1.150624    
         239   6128.000      -5375.316       5961.012       1.140026    
         240   5912.000      -5372.019       5745.114       1.100517    
         241   5816.000      -5371.229       5649.139       1.082806    
         246   5816.000      -5371.073       5649.144       1.082838    
         250   5816.000      -5370.976       5649.147       1.082857    
         253   5816.000      -5370.729       5649.155       1.082907    
         254   5756.000      -5368.230       5589.232       1.072234    
         256   5689.000      -5365.107       1239.013       1.060370    
         260   5643.000      -5363.166       1194.624       1.052177    
         261   5548.000      -5362.936       1099.814       1.034508    
         262   5477.000      -5358.985       1032.092       1.022022    
         263   5432.000      -5354.781       990.5781       1.014421    
         265   5420.000      -5354.034       979.1978       1.012321    
         266   5409.000      -5352.798       969.2231       1.010499    
         267   5294.000      -5352.246       854.6807      0.9891174    
         270   5270.000      -5348.198       834.0381      0.9853786    
         273   5258.000      -5347.801       822.3672      0.9832078    
         275   5204.000      -5345.036       770.6606      0.9736136    
         276   5170.000      -5340.128       740.7314      0.9681415    
         277   5081.000      -5334.679       656.2515      0.9524472    
         279   5030.000      -5333.502       606.2275      0.9430951    
         280   4930.000      -5332.296       507.2280      0.9245548    
         282   4833.000      -5327.627       414.1006      0.9071580    
         286   4785.000      -5326.802       366.7847      0.8982875    
         287   4779.000      -5325.624       361.7622      0.8973596    
         288   4581.000      -5323.561       165.4736      0.8605143    
         291   4563.000      -5322.002       148.7661      0.8573841    
         292   4537.000      -5319.748       4436.761      0.8528600    
         293   4475.000      -5315.379       4374.844      0.8418967    
         294   4417.000      -5315.574       4316.840      0.8309545    
         297   4417.000      -5317.210       4316.809      0.8306988    
         299   4346.000      -5315.719       4245.837      0.8175752    
         300   4343.000      -5310.514       4242.936      0.8178116    
         303   4332.000      -5306.888       4232.003      0.8162976    
         306   4321.000      -5305.647       4221.027      0.8144153    
         310   4282.000      -5303.395       4182.069      0.8074073    
         311   4222.000      -5302.159       4122.093      0.7962794    
         325   4154.000      -5301.750       4054.100      0.7835149    
         326   4096.000      -5296.319       3996.203      0.7733673    
         328   4094.000      -5295.706       3994.214      0.7730792    
         329   4048.000      -5294.229       3948.242      0.7646061    
         333   3907.000      -5293.441       3807.257      0.7380832    
         339   3821.000      -5291.956       3721.285      0.7220393    
         340   3785.000      -5286.667       3685.385      0.7159520    
         342   3744.000      -5283.952       3644.436      0.7085605    
         344   3657.000      -5282.125       3557.470      0.6923350    
         345   3587.000      -5279.581       3487.518      0.6794100    
         347   3470.000      -5277.880      -1011.556      0.6574609    
         348   3398.000      -5275.760      -1081.755      0.6440778    
         351   3314.000      -5274.489      -1164.675      0.6283073    
         353   3291.000      -5274.083      -1187.331      0.6239947    
         355   3166.000      -5272.091      -1310.639      0.6005208    
         356   3166.000      -5274.049      -1312.302      0.6002977    
         357   3140.000      -5271.081      -1335.781      0.5957033    
         358   3099.000      -5271.086      -1376.787      0.5879244    
         362   3059.000      -5269.564      -1415.494      0.5805035    
         366   3015.000      -5267.294      -1457.566      0.5724002    
         368   3008.000      -5264.155      -1461.900      0.5714118    
         369   2935.000      -5262.311      -1533.334      0.5577398    
         371   2924.000      -5260.180      -1542.525      0.5558745    
         372   2836.000      -5255.728      -1626.745      0.5396018    
         374   2833.000      -5253.548      -1627.895      0.5392546    
         375   2809.000      -5252.363      -1650.888      0.5348069    
         380   2601.000      -5245.087      -1852.710      0.4958926    
         381   2592.000      -5241.253      -1858.455      0.4945382    
         386   2515.000      -5237.932      -1932.634      0.4801514    
         388   2480.000      -5237.605      -1967.357      0.4734988    
         389   2397.000      -5235.950       2311.817      0.4577966    
         390   2371.000      -5233.847       2285.851      0.4530129    
         391   2369.000      -5233.193       2283.862      0.4526873    
         392   2355.000      -5232.787       2269.868      0.4500470    
         393   2348.000      -5230.583       2262.904      0.4488983    
         395   2325.000      -5228.505       2239.938      0.4446777    
         399   2314.000      -5228.190       2228.943      0.4426006    
         400   2189.000      -5222.229       2104.040      0.4191697    
         401   2179.000      -5216.462       2094.134      0.4177160    
         403   2179.000      -5214.746       2094.162      0.4178536    
         404   2176.000      -5217.379       2091.119      0.4170676    
         405   2176.000      -5215.604       2091.148      0.4172095    
         407   2137.000      -5213.544       2052.182      0.4098939    
         408   2104.000      -5212.771       2019.194      0.4036241    
         410   2053.000      -5209.203       1968.252      0.3941102    
         412   2049.000      -5205.129       1964.318      0.3936502    
         414   2002.000      -5203.728       1917.341      0.3847242    
         423   1969.000      -5199.402       1884.412      0.3786974    
         424   1969.000      -5200.062       1884.401      0.3786493    
         425   1954.000      -5197.744       1869.439      0.3759323    
         428   1905.000      -5196.090      -637.0112      0.3666218    
         430   1866.000      -5194.554      -675.2598      0.3592224    
         442   1859.000      -5193.538      -681.7629      0.3579448    
         443   1845.000      -5193.671      -695.8279      0.3552401    
         450   1817.000      -5192.418      -723.2151      0.3499333    
         451   1811.000      -5191.328      -728.6819      0.3488510    
         454   1783.000      -5188.551      -755.3235      0.3436412    
         455   1735.000      -5187.071      -802.5994      0.3344855    
         456   1694.000      -5184.460      -842.3220      0.3267457    
         457   1668.000      -5179.658      -865.9727      0.3220290    
         458   1666.000      -5178.349      -867.3325      0.3217241    
         460   1626.000      -5174.436      -905.4180      0.3142371    
         462   1610.000      -5174.272      -921.3379      0.3111548    
         463   1602.000      -5173.901      -929.1565      0.3096310    
         467   1549.000      -5171.742      -981.0999      0.2995122    
         469   1526.000      -5171.330      -1003.898      0.2950885    
         473   1510.000      -5167.659      -1018.103      0.2922019    
         474   1406.000      -5165.886      -1121.235      0.2721702    
         475   1384.000      -5165.102      -1142.852      0.2679521    
         483   1342.000      -5161.805      -1183.239      0.2599866    
         484   1320.000      -5163.636       1211.511      0.2556338    
         486   1319.000      -5163.444       1210.515      0.2554497    
         491   1288.000      -5162.320       1179.539      0.2495002    
         492   1279.000      -5160.125       1170.585      0.2478622    
         498   1275.000      -5156.833       1166.654      0.2472448    
         588   1252.000      -5156.207       1143.667      0.2428141    
         589   1211.000      -5155.325       1102.686      0.2349028    
         590   1211.000      -5155.730       1102.677      0.2348843    
         593   1200.000      -5155.612       1091.680      0.2327561    
         594   1189.000      -5153.532       1080.723      0.2307156    
         595   1184.000      -5152.271       1075.750      0.2298016    
         596   1184.000      -5152.051       1075.755      0.2298114    
         598   1182.000      -5146.669       1073.868      0.2296631    
         603   1146.000      -5143.191       1037.941      0.2228189    
         622   1122.000      -5140.744       1013.992      0.2182564    
         628   1112.000      -5141.155       1003.983      0.2162938    
         629   1081.000      -5142.697       972.9510      0.2102010    
         633   1081.000      -5142.509       972.9550      0.2102087    
         635   1064.000      -5141.858       955.9686      0.2069291    
         637   1048.000      -5138.700       940.0350      0.2039426    
         638   1048.000      -5138.567      -586.7576      0.2039479    
         640   1047.000      -5138.326      -587.6808      0.2037629    
         641   1017.000      -5137.431      -617.3961      0.1979589    
         642   969.0000      -5135.048      -664.6382      0.1887032    
         645   963.0000      -5134.719      -670.5334      0.1875468    
         651   948.0000      -5135.086      -685.6501      0.1846123    
         654   934.0000      -5132.285      -698.7589      0.1819852    
         655   916.0000      -5131.268      -716.4353      0.1785134    
         656   905.0000      -5128.740      -726.6313      0.1764566    
         657   900.0000      -5128.752      -731.6353      0.1754813    
         659   895.0000      -5126.974      -736.0695      0.1745669    
         671   889.0000      -5125.291      -741.5339      0.1734536    
         672   866.0000      -5123.992      -764.1208      0.1690089    
         674   858.0000      -5119.790      -770.7839      0.1675850    
         676   847.0000      -5118.010      -781.2177      0.1654940    
         677   808.0000      -5116.128      -819.6189      0.1579319    
         685   790.0000      -5115.140      -837.3047      0.1544435    
         703   776.0000      -5113.458      -850.7697      0.1517564    
         704   760.0000      -5110.390      -865.7933      0.1487166    
         706   733.0000      -5106.634      -891.5986      0.1435388    
         707   727.0000      -5105.207       635.2408      0.1424036    
         710   717.0000      -5103.385       625.2735      0.1404950    
         711   713.0000      -5100.177       621.3312      0.1397991    
         712   710.0000      -5099.117       618.3502      0.1392398    
         720   707.0000      -5098.612       615.3593      0.1386652    
         725   691.0000      -5102.076       599.2971      0.1354351    
         729   685.0000      -5098.825       593.3555      0.1343447    
         732   677.0000      -5097.984       585.3706      0.1327976    
         734   673.0000      -5097.718       581.3754      0.1320198    
         735   665.0000      -5096.667       573.3943      0.1304774    
         738   665.0000      -5096.492       573.3975      0.1304819    
         739   665.0000      -5097.829       573.3734      0.1304477    
         740   665.0000      -5096.710       573.3935      0.1304763    
         742   659.0000      -5096.342       567.4001      0.1293084    
         748   633.0000      -5094.064       541.4410      0.1242623    
         750   621.0000      -5088.874       529.5344      0.1220309    
         751   611.0000      -5084.981       519.6043      0.1201578    
         753   572.0000      -5084.323       480.6161      0.1125027    
         759   570.0000      -5084.608       478.6110      0.1121030    
         765   564.0000      -5081.860       472.6604      0.1109830    
         766   560.0000      -5081.195      -812.8892      0.1102103    
         768   558.0000      -5079.451      -814.4177      0.1098544    
         771   549.0000      -5075.021      -822.2211      0.1081769    
         784   544.0000      -5070.553      -826.0137      0.1072861    
         787   538.0000      -5070.396      -831.9711      0.1061061    
         789   531.0000      -5069.371      -838.6943      0.1047467    
         809   530.0000      -5066.151      -838.8242      0.1046159    
         813   522.0000      -5066.005      -846.7848      0.1030398    
         816   520.0000      -5063.989      -848.2402      0.1026858    
         817   476.0000      -5063.161      -892.0165      9.4012417E-02
         819   473.0000      -5063.311      -895.0569      9.3417145E-02
         827   473.0000      -5063.094      -894.9984      9.3421131E-02
         829   470.0000      -5061.480      -897.5624      9.2858210E-02
         831   469.0000      -5059.445      -898.0125      9.2697911E-02
         834   447.0000      -5058.082      -919.6440      8.8373430E-02
         842   422.0000      -5057.004      -944.3530      8.3448611E-02
         848   410.0000      -5055.453      -955.9337      8.1100553E-02
         849   406.0000      -5055.270      -959.8843      8.0312237E-02
         850   397.0000      -5054.491      -968.6740      7.8544006E-02
         854   392.0000      -5055.364      -973.9097      7.7541403E-02
         859   391.0000      -5054.949       291.3387      7.7349938E-02
         873   384.0000      -5051.103       284.4146      7.6023005E-02
         878   384.0000      -5049.949       284.4373      7.6040372E-02
         879   378.0000      -5048.258       278.4707      7.4877314E-02
         882   365.0000      -5045.496       265.5251      7.2341748E-02
         891   362.0000      -5043.526       262.5640      7.1775183E-02
         892   362.0000      -5042.719       262.5799      7.1786672E-02
         894   356.0000      -5038.458       256.6639      7.0656531E-02
         896   346.0000      -5035.955       246.7133      6.8705939E-02
         899   342.0000      -5034.453       242.7429      6.7931905E-02
         905   342.0000      -5036.291       242.7066      6.7907125E-02
         912   342.0000      -5033.248       242.7666      6.7948170E-02
         913   341.0000      -5028.513       241.8600      6.7813285E-02
         918   328.0000      -5030.406       228.8226      6.5203480E-02
         919   319.0000      -5029.138       219.8477      6.3430354E-02
         920   312.0000      -5029.481       212.8409      6.2034234E-02
         936   312.0000      -5028.887       212.8526      6.2041558E-02
         937   310.0000      -5026.218       210.9052      6.1676595E-02
         938   309.0000      -5021.639       209.9955      6.1533697E-02
         940   309.0000      -5021.466       209.9989      6.1535817E-02
         947   307.0000      -5013.583      -125.7993      6.1233651E-02
         948   307.0000      -5013.396      -125.7831      6.1235938E-02
         968   295.0000      -5008.260      -137.3398      5.8902696E-02
         972   285.0000      -5009.661      -147.4607      5.6890074E-02
         978   271.0000      -5002.970      -160.8831      5.4167822E-02
         979   271.0000      -5002.146      -160.8119      5.4176752E-02
         980   267.0000      -4998.221      -164.4731      5.3419009E-02
         985   259.0000      -4995.833      -172.2669      5.1843211E-02
         990   254.0000      -4992.349      -176.9662      5.0877851E-02
         993   241.0000      -4990.304      -189.7897      4.8293654E-02
         994   236.0000      -4986.733      -194.4814      4.7325570E-02
         995   236.0000      -4986.359      -194.4492      4.7329124E-02
        1007   231.0000      -4984.481      -199.2870      4.6343841E-02
        1014   226.0000      -4982.878      -204.1487      4.5355313E-02
        1024   222.0000      -4981.443      -208.0247      4.4565402E-02
        1026   213.0000      -4978.208      -216.7455      4.2786479E-02
        1037   213.0000      -4975.521      -216.5135      4.2809591E-02
        1046   212.0000      -4979.468      -217.8543      4.2574830E-02
        1055   206.0000      -4975.157      -223.4821      4.1405730E-02
        1072   195.0000      -4977.008      -234.6419      3.9180167E-02
        1076   191.0000      -4975.197       89.40911      3.8390439E-02
        1078   184.0000      -4974.627       82.42075      3.6987696E-02
        1083   179.0000      -4972.083       77.47271      3.6001008E-02
        1088   178.0000      -4972.031       76.47378      3.5800260E-02
        1100   178.0000      -4970.375       76.50759      3.5812192E-02
        1114   167.0000      -4970.566       65.50368      3.3597782E-02
        1120   165.0000      -4969.760       63.52015      3.3200800E-02
        1122   165.0000      -4969.051       63.53462      3.3205535E-02
        1124   159.0000      -4968.685       57.54209      3.2000419E-02
        1125   141.0000      -4966.489       39.58694      2.8390279E-02
