 step, energy
           1  -5700.630    
           1  -5696.516    
           2  -5695.134    
           4  -5692.256    
           7  -5689.825    
           9  -5684.632    
          10  -5683.106    
          13  -5682.008    
          14  -5679.340    
          18  -5677.467    
          21  -5676.470    
          23  -5674.269    
          25  -5671.986    
          26  -5669.250    
          30  -5668.163    
          31  -5665.907    
          32  -5663.635    
          35  -5663.101    
          37  -5659.422    
          38  -5654.835    
          41  -5652.738    
          43  -5649.097    
          45  -5646.372    
          49  -5643.458    
          50  -5641.531    
          52  -5637.131    
          53  -5635.258    
          57  -5631.811    
          59  -5630.383    
          60  -5626.253    
          64  -5620.187    
          65  -5616.650    
          66  -5615.601    
          69  -5612.734    
          70  -5611.506    
          73  -5610.317    
          75  -5606.671    
          78  -5602.279    
          79  -5600.440    
          83  -5599.832    
          88  -5593.529    
          89  -5592.030    
          90  -5590.194    
          93  -5587.584    
          94  -5584.373    
          98  -5583.750    
         101  -5582.860    
         102  -5580.105    
         103  -5577.853    
         104  -5576.121    
         105  -5570.580    
         107  -5569.137    
         109  -5566.063    
         111  -5564.599    
         113  -5564.379    
         115  -5563.018    
         116  -5562.089    
         117  -5564.295    
         118  -5563.877    
         119  -5559.682    
         120  -5554.407    
         123  -5552.376    
         124  -5551.836    
         125  -5550.342    
         126  -5547.833    
         127  -5545.586    
         129  -5539.548    
         130  -5533.909    
         132  -5528.095    
         134  -5527.769    
         135  -5525.365    
         136  -5520.961    
         137  -5520.002    
         138  -5517.496    
         139  -5516.279    
         140  -5511.370    
         143  -5506.573    
         144  -5502.276    
         148  -5500.871    
         150  -5498.301    
         151  -5495.670    
         152  -5492.673    
         153  -5491.985    
         154  -5490.652    
         155  -5487.455    
         157  -5485.122    
         159  -5483.549    
         160  -5482.281    
         161  -5480.243    
         162  -5477.600    
         166  -5473.454    
         167  -5466.257    
         168  -5466.227    
         169  -5464.885    
         171  -5462.770    
         174  -5457.855    
         175  -5456.414    
         178  -5455.542    
         179  -5453.320    
         180  -5452.063    
         181  -5448.426    
         182  -5446.713    
         183  -5443.300    
         184  -5440.184    
         187  -5436.293    
         188  -5435.550    
         190  -5433.333    
         193  -5431.259    
         195  -5428.556    
         197  -5427.729    
         199  -5424.426    
         200  -5425.340    
         202  -5424.348    
         203  -5422.884    
         204  -5415.265    
         207  -5410.411    
         210  -5407.971    
         211  -5407.757    
         213  -5406.458    
         214  -5406.289    
         217  -5403.219    
         218  -5401.649    
         219  -5399.595    
         221  -5397.921    
         222  -5395.611    
         223  -5394.977    
         224  -5390.244    
         225  -5389.478    
         226  -5387.175    
         228  -5382.392    
         229  -5380.935    
         232  -5378.842    
         238  -5377.951    
         239  -5375.316    
         240  -5372.019    
         241  -5371.229    
         246  -5371.073    
         250  -5370.976    
         253  -5370.729    
         254  -5368.230    
         256  -5365.107    
         260  -5363.166    
         261  -5362.936    
         262  -5358.985    
         263  -5354.781    
         265  -5354.034    
         266  -5352.798    
         267  -5352.246    
         270  -5348.198    
         273  -5347.801    
         275  -5345.036    
         276  -5340.128    
         277  -5334.679    
         279  -5333.502    
         280  -5332.296    
         282  -5327.627    
         286  -5326.802    
         287  -5325.624    
         288  -5323.561    
         291  -5322.002    
         292  -5319.748    
         293  -5315.379    
         294  -5315.574    
         297  -5317.210    
         299  -5315.719    
         300  -5310.514    
         303  -5306.888    
         306  -5305.647    
         310  -5303.395    
         311  -5302.159    
         325  -5301.750    
         326  -5296.319    
         328  -5295.706    
         329  -5294.229    
         333  -5293.441    
         339  -5291.956    
         340  -5286.667    
         342  -5283.952    
         344  -5282.125    
         345  -5279.581    
         347  -5277.880    
         348  -5275.760    
         351  -5274.489    
         353  -5274.083    
         355  -5272.091    
         356  -5274.049    
         357  -5271.081    
         358  -5271.086    
         362  -5269.564    
         366  -5267.294    
         368  -5264.155    
         369  -5262.311    
         371  -5260.180    
         372  -5255.728    
         374  -5253.548    
         375  -5252.363    
         380  -5245.087    
         381  -5241.253    
         386  -5237.932    
         388  -5237.605    
         389  -5235.950    
         390  -5233.847    
         391  -5233.193    
         392  -5232.787    
         393  -5230.583    
         395  -5228.505    
         399  -5228.190    
         400  -5222.229    
         401  -5216.462    
         403  -5214.746    
         404  -5217.379    
         405  -5215.604    
         407  -5213.544    
         408  -5212.771    
         410  -5209.203    
         412  -5205.129    
         414  -5203.728    
         423  -5199.402    
         424  -5200.062    
         425  -5197.744    
         428  -5196.090    
         430  -5194.554    
         442  -5193.538    
         443  -5193.671    
         450  -5192.418    
         451  -5191.328    
         454  -5188.551    
         455  -5187.071    
         456  -5184.460    
         457  -5179.658    
         458  -5178.349    
         460  -5174.436    
         462  -5174.272    
         463  -5173.901    
         467  -5171.742    
         469  -5171.330    
         473  -5167.659    
         474  -5165.886    
         475  -5165.102    
         483  -5161.805    
         484  -5163.636    
         486  -5163.444    
         491  -5162.320    
         492  -5160.125    
         498  -5156.833    
         588  -5156.207    
         589  -5155.325    
         590  -5155.730    
         593  -5155.612    
         594  -5153.532    
         595  -5152.271    
         596  -5152.051    
         598  -5146.669    
         603  -5143.191    
         622  -5140.744    
         628  -5141.155    
         629  -5142.697    
         633  -5142.509    
         635  -5141.858    
         637  -5138.700    
         638  -5138.567    
         640  -5138.326    
         641  -5137.431    
         642  -5135.048    
         645  -5134.719    
         651  -5135.086    
         654  -5132.285    
         655  -5131.268    
         656  -5128.740    
         657  -5128.752    
         659  -5126.974    
         671  -5125.291    
         672  -5123.992    
         674  -5119.790    
         676  -5118.010    
         677  -5116.128    
         685  -5115.140    
         703  -5113.458    
         704  -5110.390    
         706  -5106.634    
         707  -5105.207    
         710  -5103.385    
         711  -5100.177    
         712  -5099.117    
         720  -5098.612    
         725  -5102.076    
         729  -5098.825    
         732  -5097.984    
         734  -5097.718    
         735  -5096.667    
         738  -5096.492    
         739  -5097.829    
         740  -5096.710    
         742  -5096.342    
         748  -5094.064    
         750  -5088.874    
         751  -5084.981    
         753  -5084.323    
         759  -5084.608    
         765  -5081.860    
         766  -5081.195    
         768  -5079.451    
         771  -5075.021    
         784  -5070.553    
         787  -5070.396    
         789  -5069.371    
         809  -5066.151    
         813  -5066.005    
         816  -5063.989    
         817  -5063.161    
         819  -5063.311    
         827  -5063.094    
         829  -5061.480    
         831  -5059.445    
         834  -5058.082    
         842  -5057.004    
         848  -5055.453    
         849  -5055.270    
         850  -5054.491    
         854  -5055.364    
         859  -5054.949    
         873  -5051.103    
         878  -5049.949    
         879  -5048.258    
         882  -5045.496    
         891  -5043.526    
         892  -5042.719    
         894  -5038.458    
         896  -5035.955    
         899  -5034.453    
         905  -5036.291    
         912  -5033.248    
         913  -5028.513    
         918  -5030.406    
         919  -5029.138    
         920  -5029.481    
         936  -5028.887    
         937  -5026.218    
         938  -5021.639    
         940  -5021.466    
         947  -5013.583    
         948  -5013.396    
         968  -5008.260    
         972  -5009.661    
         978  -5002.970    
         979  -5002.146    
         980  -4998.221    
         985  -4995.833    
         990  -4992.349    
         993  -4990.304    
         994  -4986.733    
         995  -4986.359    
        1007  -4984.481    
        1014  -4982.878    
        1024  -4981.443    
        1026  -4978.208    
        1037  -4975.521    
        1046  -4979.468    
        1055  -4975.157    
        1072  -4977.008    
        1076  -4975.197    
        1078  -4974.627    
        1083  -4972.083    
        1088  -4972.031    
        1100  -4970.375    
        1114  -4970.566    
        1120  -4969.760    
        1122  -4969.051    
        1124  -4968.685    
        1125  -4966.489    
