 step, energy
           1  -5700.630    
           1  -5696.516    
           2  -5695.134    
           4  -5692.256    
           7  -5689.825    
           9  -5684.632    
          10  -5683.106    
          13  -5682.008    
          14  -5679.340    
          18  -5677.467    
          21  -5676.470    
          23  -5674.269    
          25  -5671.986    
          26  -5669.250    
          30  -5668.163    
          31  -5665.907    
          32  -5663.635    
          35  -5663.101    
          37  -5659.422    
          38  -5654.835    
          41  -5652.738    
