 step, energy
           1  -5700.630    
           1  -5696.516    
           2  -5695.134    
           4  -5692.256    
           7  -5689.825    
           9  -5684.632    
          10  -5683.106    
          13  -5682.008    
          14  -5679.340    
          18  -5677.467    
          21  -5676.470    
          23  -5674.269    
          25  -5671.986    
          26  -5669.250    
          30  -5668.163    
          31  -5665.907    
          32  -5663.635    
          35  -5663.101    
          37  -5659.422    
          38  -5654.835    
          41  -5652.738    
          50  -5650.812    
          59  -5649.368    
          66  -5648.312    
          73  -5647.094    
          83  -5646.485    
          89  -5644.980    
          98  -5644.367    
         101  -5643.489    
         104  -5641.748    
         111  -5640.333    
         115  -5638.991    
         116  -5638.064    
         117  -5636.891    
         131  -5635.917    
         132  -5634.839    
         137  -5634.288    
         140  -5633.520    
         160  -5632.977    
         161  -5631.342    
         164  -5630.294    
         165  -5628.841    
         166  -5626.670    
         168  -5622.650    
         171  -5622.525    
         174  -5618.413    
         178  -5613.468    
         179  -5610.799    
         181  -5610.725    
         182  -5609.100    
         183  -5608.759    
         185  -5606.581    
         187  -5603.608    
         189  -5601.730    
         192  -5601.458    
         194  -5599.790    
         195  -5599.161    
         196  -5599.099    
         197  -5598.423    
         200  -5597.226    
         203  -5592.112    
         204  -5590.517    
         206  -5586.696    
         208  -5585.925    
         209  -5585.650    
         212  -5584.183    
         214  -5582.893    
         215  -5577.879    
         218  -5576.802    
         219  -5572.486    
         236  -5571.586    
         237  -5569.974    
         238  -5565.357    
         239  -5565.306    
         240  -5565.761    
         241  -5564.040    
         242  -5563.746    
         244  -5561.258    
         246  -5559.886    
         250  -5557.422    
         251  -5553.016    
         253  -5551.623    
         255  -5551.015    
         258  -5550.472    
         259  -5549.544    
         263  -5548.663    
         264  -5546.108    
         266  -5541.500    
         269  -5535.750    
         272  -5534.380    
         273  -5532.656    
         274  -5531.029    
         275  -5525.875    
         276  -5524.511    
         278  -5517.118    
         281  -5516.742    
         288  -5515.883    
         289  -5512.725    
         294  -5510.841    
         296  -5510.262    
         298  -5506.503    
         300  -5504.268    
         301  -5500.047    
         304  -5498.485    
         311  -5496.684    
         313  -5491.283    
         315  -5491.172    
         318  -5488.241    
         319  -5486.330    
         321  -5481.622    
         323  -5481.393    
         325  -5476.854    
         326  -5473.250    
         339  -5467.075    
         343  -5466.385    
         354  -5464.639    
         361  -5464.306    
         362  -5463.690    
         366  -5462.081    
         367  -5461.723    
         368  -5458.863    
         369  -5457.506    
         370  -5455.454    
         373  -5454.634    
         375  -5453.278    
         376  -5452.816    
         378  -5452.480    
         380  -5449.948    
         381  -5448.069    
         382  -5447.009    
         384  -5443.990    
         387  -5442.124    
         391  -5440.895    
         392  -5440.522    
         393  -5438.463    
         394  -5437.244    
         395  -5436.313    
         396  -5434.726    
         398  -5434.210    
         399  -5430.129    
         400  -5421.499    
         401  -5418.274    
         405  -5417.946    
         409  -5418.874    
         416  -5418.361    
         418  -5417.266    
         420  -5416.889    
         422  -5416.489    
         430  -5414.252    
         433  -5413.480    
         435  -5411.523    
         437  -5411.017    
         441  -5410.311    
         444  -5416.228    
         461  -5415.443    
         467  -5416.331    
         473  -5414.165    
         475  -5412.198    
         477  -5411.232    
         478  -5410.738    
         481  -5410.234    
         482  -5408.944    
         483  -5409.003    
         484  -5407.334    
         486  -5406.726    
         488  -5403.244    
         490  -5401.022    
         492  -5400.722    
         493  -5396.656    
         495  -5395.670    
         497  -5395.212    
         498  -5388.958    
         499  -5385.920    
         501  -5384.633    
         502  -5383.180    
         504  -5379.853    
         505  -5375.236    
         508  -5373.959    
         509  -5366.652    
         510  -5365.595    
         511  -5364.921    
         516  -5364.999    
         517  -5363.527    
         520  -5357.033    
         523  -5353.574    
         524  -5354.047    
         530  -5350.472    
         538  -5349.012    
         544  -5347.400    
         548  -5345.553    
         556  -5343.333    
         560  -5343.190    
         561  -5339.190    
         563  -5338.481    
         564  -5336.213    
         566  -5336.005    
         573  -5332.012    
         575  -5332.008    
         576  -5331.622    
         578  -5330.021    
         583  -5329.501    
         584  -5329.365    
         585  -5328.502    
         588  -5328.211    
         590  -5321.177    
         591  -5319.567    
         592  -5316.138    
         593  -5315.267    
         594  -5314.120    
         598  -5312.227    
         599  -5309.268    
         604  -5307.850    
         609  -5307.640    
         611  -5306.188    
         616  -5306.036    
         618  -5302.393    
         619  -5298.282    
         622  -5297.753    
         626  -5293.256    
         632  -5291.248    
         634  -5289.253    
         640  -5286.716    
         642  -5284.035    
         643  -5282.257    
         649  -5280.691    
         653  -5279.038    
         655  -5277.012    
         657  -5276.233    
         659  -5274.554    
         662  -5273.671    
         665  -5271.587    
         669  -5268.826    
         670  -5263.888    
         678  -5262.887    
         680  -5262.070    
         693  -5261.221    
         696  -5263.003    
         702  -5266.611    
         708  -5265.036    
         710  -5262.193    
         711  -5258.414    
         712  -5256.542    
         714  -5253.855    
         718  -5251.902    
         724  -5250.111    
         728  -5249.563    
         730  -5245.804    
         735  -5243.265    
         736  -5242.878    
         737  -5242.969    
         739  -5241.461    
         781  -5239.177    
         784  -5234.338    
         786  -5232.941    
         789  -5232.627    
         791  -5231.483    
         794  -5226.763    
         795  -5226.416    
         796  -5223.591    
         798  -5219.742    
         799  -5219.953    
         802  -5220.051    
         805  -5218.644    
         810  -5215.915    
         811  -5215.234    
         816  -5215.042    
         818  -5211.656    
         829  -5207.694    
         833  -5206.018    
         836  -5205.695    
         837  -5205.196    
         839  -5201.919    
         847  -5200.179    
         856  -5198.769    
         861  -5190.845    
         863  -5189.622    
         864  -5186.075    
         868  -5184.867    
         875  -5182.384    
         879  -5181.947    
         889  -5180.686    
         890  -5180.155    
         892  -5176.745    
         902  -5175.646    
         905  -5174.797    
         909  -5172.115    
         910  -5171.915    
         919  -5169.255    
         920  -5168.422    
         922  -5165.629    
         923  -5168.906    
         928  -5167.857    
         933  -5166.969    
         934  -5166.720    
         935  -5161.368    
         936  -5157.776    
         943  -5157.048    
         945  -5150.007    
         946  -5147.334    
         952  -5146.589    
         967  -5145.636    
         988  -5145.444    
         997  -5145.780    
         998  -5144.478    
        1020  -5141.116    
        1025  -5140.741    
        1034  -5140.895    
        1049  -5140.281    
        1057  -5138.741    
        1059  -5136.618    
        1061  -5136.218    
        1064  -5135.720    
        1069  -5135.674    
        1074  -5134.742    
        1077  -5133.563    
        1116  -5132.643    
        1145  -5131.808    
        1161  -5131.951    
        1163  -5131.801    
        1213  -5131.546    
        1223  -5131.002    
        1232  -5127.975    
        1233  -5125.935    
        1238  -5122.259    
        1239  -5121.375    
        1246  -5119.841    
        1257  -5118.813    
        1271  -5116.545    
        1292  -5112.750    
        1294  -5112.078    
        1296  -5112.218    
