 step, energy
           1  -5700.630    
           1  -5696.516    
           2  -5695.134    
           4  -5692.256    
           7  -5689.825    
           9  -5684.632    
          10  -5683.106    
          13  -5682.008    
          14  -5679.340    
          18  -5677.467    
          21  -5676.470    
          23  -5674.269    
          25  -5671.986    
          26  -5669.250    
          30  -5668.163    
          31  -5665.907    
          32  -5663.635    
          35  -5663.101    
          37  -5659.422    
          38  -5654.835    
          41  -5652.738    
          43  -5649.097    
          45  -5646.372    
          49  -5643.458    
          50  -5641.531    
          52  -5637.131    
          53  -5635.258    
          57  -5631.811    
          59  -5630.383    
          60  -5626.253    
          64  -5620.187    
          65  -5616.650    
          66  -5615.601    
          69  -5612.734    
          70  -5611.506    
          73  -5610.317    
          75  -5606.671    
          76  -5605.663    
          78  -5601.271    
          79  -5599.432    
          81  -5599.321    
          83  -5598.712    
          88  -5592.409    
          89  -5590.907    
          90  -5589.071    
          93  -5586.455    
          94  -5583.245    
          98  -5582.625    
         101  -5581.735    
         102  -5578.981    
         103  -5576.728    
         104  -5574.997    
         105  -5569.448    
         107  -5568.005    
         109  -5564.931    
         111  -5563.461    
         113  -5563.234    
         115  -5561.873    
         116  -5560.955    
         117  -5563.161    
         118  -5562.749    
         119  -5558.554    
         120  -5553.279    
         121  -5550.997    
         123  -5548.966    
         124  -5548.426    
         125  -5546.932    
         126  -5544.417    
         127  -5542.171    
         129  -5536.132    
         130  -5530.494    
         132  -5524.680    
         134  -5524.354    
         135  -5521.950    
         136  -5517.547    
         137  -5516.587    
         138  -5514.082    
         139  -5512.864    
         140  -5507.977    
         143  -5503.187    
         144  -5498.890    
         148  -5497.485    
         150  -5494.916    
         151  -5492.289    
         152  -5489.262    
         153  -5488.574    
         154  -5487.197    
         155  -5484.000    
         157  -5481.667    
         159  -5480.088    
         160  -5478.820    
         161  -5476.778    
         162  -5474.134    
         164  -5472.058    
         166  -5467.912    
         167  -5460.696    
         168  -5460.666    
         169  -5459.295    
         171  -5457.181    
         174  -5452.279    
         175  -5450.837    
         178  -5449.965    
         179  -5447.743    
         180  -5446.486    
         181  -5442.849    
         182  -5441.144    
         183  -5437.732    
         184  -5434.616    
         187  -5430.722    
         188  -5429.986    
         190  -5427.775    
         193  -5425.701    
         194  -5425.623    
         195  -5422.923    
         197  -5422.094    
         199  -5418.801    
         200  -5419.706    
         202  -5418.714    
         203  -5417.262    
         204  -5409.642    
         206  -5409.096    
         207  -5404.244    
         210  -5401.806    
         211  -5401.591    
         213  -5400.294    
         214  -5400.131    
         217  -5397.059    
         218  -5395.489    
         219  -5393.425    
         221  -5391.767    
         222  -5389.446    
         223  -5388.800    
         224  -5384.066    
         225  -5383.292    
         226  -5380.989    
         228  -5376.196    
         229  -5374.744    
         232  -5372.652    
         234  -5370.367    
         238  -5369.470    
         239  -5366.841    
         240  -5363.553    
         241  -5362.763    
         246  -5362.609    
         250  -5362.505    
         253  -5362.259    
         254  -5359.784    
         255  -5357.916    
         256  -5354.792    
         260  -5352.855    
         261  -5352.599    
         262  -5348.647    
         263  -5344.431    
         265  -5343.703    
         266  -5342.468    
         267  -5341.921    
         270  -5337.880    
         273  -5337.482    
         275  -5334.723    
         276  -5329.813    
         277  -5324.364    
         279  -5323.176    
         280  -5321.967    
         282  -5317.286    
         286  -5316.449    
         287  -5315.270    
         288  -5313.207    
         291  -5311.660    
         292  -5309.405    
         293  -5305.053    
         294  -5305.256    
         297  -5306.901    
         299  -5305.406    
         300  -5300.174    
         301  -5298.632    
         303  -5295.026    
         306  -5293.785    
         310  -5291.532    
         311  -5290.273    
         318  -5287.216    
         325  -5286.801    
         326  -5281.335    
         328  -5280.728    
         329  -5279.246    
         333  -5278.463    
         339  -5276.979    
         340  -5271.691    
         342  -5268.976    
         344  -5267.151    
         345  -5264.616    
         347  -5262.934    
         348  -5260.772    
         351  -5259.499    
         353  -5259.087    
         355  -5257.095    
         356  -5259.060    
         357  -5256.083    
         358  -5256.083    
         362  -5254.532    
         363  -5252.638    
         364  -5251.881    
         366  -5249.612    
         368  -5246.479    
         369  -5244.651    
         370  -5242.840    
         372  -5238.380    
         375  -5237.167    
         376  -5235.966    
         377  -5234.021    
         378  -5233.242    
         381  -5231.835    
         382  -5229.115    
         385  -5227.240    
         386  -5223.976    
         387  -5222.483    
         388  -5218.063    
         395  -5214.757    
         397  -5214.559    
         399  -5212.961    
         404  -5212.561    
         408  -5211.602    
         409  -5210.719    
         411  -5207.523    
         417  -5205.971    
         418  -5204.500    
         422  -5205.237    
         423  -5200.747    
         425  -5199.910    
         429  -5199.152    
         431  -5195.253    
         441  -5193.785    
         442  -5188.561    
         443  -5187.510    
         447  -5184.131    
         448  -5182.344    
         450  -5180.610    
         451  -5176.805    
         453  -5176.063    
         461  -5175.616    
         462  -5174.803    
         464  -5173.845    
         467  -5172.969    
         468  -5172.292    
         471  -5165.501    
         472  -5163.292    
         474  -5159.569    
         478  -5158.066    
         480  -5157.348    
         481  -5156.353    
         483  -5157.207    
         487  -5154.925    
         489  -5153.191    
         493  -5150.759    
         494  -5149.574    
         497  -5147.541    
         500  -5145.968    
         501  -5144.459    
         503  -5143.448    
         504  -5140.603    
         510  -5139.683    
         518  -5139.649    
         521  -5138.373    
         523  -5137.437    
         524  -5134.012    
         525  -5133.528    
         526  -5131.320    
         528  -5132.042    
         529  -5131.601    
         530  -5130.974    
         531  -5130.460    
         535  -5133.477    
         536  -5135.569    
         537  -5132.766    
         540  -5135.872    
         541  -5127.182    
         551  -5125.866    
         552  -5121.938    
         554  -5121.690    
         558  -5120.891    
         560  -5120.644    
         561  -5119.980    
         562  -5118.994    
         564  -5115.339    
         572  -5115.410    
         573  -5113.385    
         574  -5108.920    
         579  -5105.835    
         580  -5098.161    
         581  -5096.962    
         583  -5095.710    
         584  -5094.022    
         587  -5092.766    
         589  -5091.520    
         592  -5090.586    
         593  -5090.269    
         595  -5088.067    
         599  -5087.842    
         601  -5083.695    
         602  -5083.217    
         603  -5080.500    
         606  -5076.691    
         609  -5076.463    
         617  -5073.761    
         619  -5073.211    
         631  -5077.441    
         633  -5076.098    
         635  -5072.663    
         638  -5067.869    
         641  -5066.837    
         645  -5066.078    
         653  -5064.559    
         660  -5061.992    
         662  -5058.920    
         665  -5060.040    
         668  -5058.833    
         669  -5058.214    
         671  -5056.517    
         674  -5055.987    
         686  -5054.839    
         687  -5054.724    
         689  -5053.431    
         693  -5048.173    
         696  -5046.731    
         698  -5043.775    
         702  -5042.931    
         704  -5041.595    
         706  -5039.437    
         707  -5037.062    
         717  -5032.463    
         722  -5032.090    
         724  -5028.779    
         725  -5024.689    
         727  -5021.095    
         729  -5018.753    
         732  -5018.075    
         734  -5009.551    
         736  -5005.250    
         739  -5002.051    
         744  -5001.022    
         748  -5000.008    
         751  -4997.253    
         753  -4994.850    
         755  -4994.905    
         761  -4991.160    
         766  -4987.528    
         768  -4985.811    
         804  -4984.490    
         810  -4980.104    
         816  -4980.040    
         817  -4977.578    
         820  -4976.975    
         826  -4973.876    
         829  -4971.648    
         832  -4967.518    
         833  -4966.288    
         836  -4962.857    
         839  -4962.643    
         840  -4963.261    
         846  -4961.510    
         847  -4959.559    
         850  -4958.631    
         854  -4958.878    
         857  -4958.667    
         858  -4955.172    
         861  -4954.850    
         863  -4950.362    
         866  -4946.909    
         868  -4945.325    
         873  -4944.670    
         874  -4940.800    
         875  -4936.337    
         878  -4934.888    
         879  -4933.212    
         885  -4930.799    
         888  -4930.020    
         890  -4926.960    
         891  -4926.431    
         898  -4925.560    
         899  -4925.646    
         901  -4923.892    
         903  -4922.515    
         914  -4921.596    
         917  -4921.403    
         926  -4918.352    
         929  -4919.173    
         937  -4919.173    
         942  -4919.596    
         947  -4917.743    
         949  -4915.915    
         961  -4915.359    
         967  -4914.087    
         970  -4913.972    
         971  -4912.150    
         975  -4909.293    
         984  -4907.010    
         990  -4902.826    
         992  -4900.539    
         994  -4894.398    
         996  -4894.209    
        1005  -4889.202    
        1012  -4886.302    
        1013  -4885.576    
        1017  -4883.491    
        1023  -4881.260    
        1035  -4881.745    
        1053  -4881.772    
        1073  -4881.188    
        1120  -4880.301    
        1122  -4878.239    
        1124  -4877.187    
        1126  -4872.532    
        1148  -4871.343    
        1154  -4861.415    
        1160  -4859.813    
        1181  -4858.864    
        1235  -4854.864    
        1261  -4853.454    
        1263  -4852.207    
        1272  -4851.417    
        1273  -4851.296    
        1280  -4850.979    
        1285  -4850.683    
        1286  -4850.594    
        1291  -4848.095    
        1294  -4847.695    
        1301  -4847.226    
        1303  -4847.513    
        1307  -4847.482    
        1311  -4845.169    
        1316  -4841.654    
        1319  -4840.482    
        1327  -4838.944    
        1340  -4838.661    
        1343  -4838.701    
        1344  -4838.601    
        1355  -4838.174    
        1363  -4837.979    
        1364  -4836.879    
        1368  -4837.812    
