 step, energy
           1  -5700.630    
           1  -5696.516    
           2  -5695.134    
           4  -5692.256    
           7  -5689.825    
           9  -5684.632    
          10  -5683.106    
          13  -5682.008    
          14  -5679.340    
          18  -5677.467    
          21  -5676.470    
          23  -5674.269    
          25  -5671.986    
          26  -5669.250    
          30  -5668.163    
          31  -5665.907    
          32  -5663.635    
          35  -5663.101    
          37  -5659.422    
          38  -5654.835    
          41  -5652.738    
          43  -5649.097    
          45  -5646.372    
          49  -5643.458    
          50  -5641.531    
          52  -5637.131    
          53  -5635.258    
          57  -5631.811    
          59  -5630.383    
          60  -5626.253    
          64  -5620.187    
          65  -5616.650    
          66  -5615.601    
          69  -5612.734    
          70  -5611.506    
          73  -5610.317    
          75  -5606.671    
          78  -5602.279    
          79  -5600.440    
          81  -5600.330    
          83  -5599.721    
          88  -5593.418    
          89  -5591.919    
          90  -5590.083    
          93  -5587.474    
          94  -5584.263    
          98  -5583.640    
         101  -5582.750    
         102  -5579.996    
         103  -5577.743    
         104  -5576.011    
         105  -5570.470    
         107  -5569.027    
         109  -5565.954    
         111  -5564.483    
         115  -5563.123    
         116  -5562.199    
         117  -5564.404    
         119  -5560.219    
         120  -5554.946    
         121  -5552.658    
         123  -5550.627    
         124  -5550.086    
         125  -5548.586    
         126  -5546.072    
         127  -5543.826    
         129  -5537.787    
         130  -5532.148    
         132  -5526.333    
         134  -5526.007    
         135  -5523.604    
         136  -5519.200    
         137  -5518.241    
         138  -5515.735    
         139  -5514.502    
         140  -5509.607    
         143  -5504.816    
         144  -5500.520    
         148  -5499.114    
         150  -5496.539    
         151  -5493.912    
         152  -5490.889    
         153  -5490.217    
         154  -5488.837    
         155  -5485.640    
         157  -5483.307    
         159  -5481.734    
         161  -5479.706    
         162  -5477.063    
         166  -5472.917    
         167  -5465.700    
         168  -5465.670    
         169  -5464.329    
         171  -5462.207    
         174  -5462.065    
         177  -5459.498    
         178  -5454.263    
         179  -5453.972    
         180  -5445.610    
         182  -5443.480    
         183  -5443.364    
         184  -5442.158    
         185  -5441.477    
         189  -5440.836    
         190  -5440.790    
         191  -5441.586    
         193  -5438.660    
         195  -5436.495    
         196  -5436.340    
         197  -5435.974    
         199  -5435.265    
         200  -5434.852    
         201  -5432.391    
         211  -5431.731    
         213  -5430.038    
         214  -5429.914    
         218  -5429.555    
         221  -5425.683    
         222  -5422.255    
         223  -5417.096    
         225  -5413.636    
         227  -5411.165    
         230  -5406.564    
         234  -5402.937    
         235  -5402.236    
         239  -5400.072    
         241  -5398.850    
         243  -5398.719    
         244  -5395.041    
         248  -5394.939    
         249  -5390.306    
         251  -5388.277    
         252  -5387.074    
         255  -5385.253    
         257  -5382.854    
         260  -5379.769    
         262  -5378.601    
         263  -5375.346    
         264  -5372.498    
         267  -5370.620    
         273  -5364.789    
         274  -5364.446    
         277  -5360.688    
         278  -5359.535    
         279  -5358.409    
         281  -5357.448    
         284  -5357.005    
         292  -5354.929    
         296  -5349.652    
         297  -5348.339    
         298  -5347.664    
         301  -5342.563    
         303  -5340.929    
         304  -5341.525    
         306  -5338.845    
         308  -5337.152    
         310  -5334.907    
         311  -5332.864    
         315  -5328.000    
         320  -5326.877    
         327  -5324.697    
         328  -5321.559    
         329  -5320.836    
         330  -5320.371    
         333  -5317.034    
         336  -5316.111    
         349  -5313.642    
         350  -5311.395    
         351  -5307.981    
         356  -5306.705    
         359  -5306.340    
         361  -5303.689    
         365  -5300.938    
         366  -5299.610    
         369  -5297.519    
         370  -5296.186    
         371  -5295.143    
         373  -5285.171    
         376  -5282.464    
         381  -5279.816    
         382  -5276.122    
         383  -5270.028    
         384  -5269.785    
         386  -5269.933    
         388  -5268.727    
         390  -5266.394    
         395  -5265.271    
         396  -5264.688    
         398  -5264.575    
         399  -5263.268    
         400  -5262.650    
         404  -5257.290    
         405  -5255.972    
         407  -5251.518    
         408  -5248.905    
         411  -5247.091    
         414  -5246.394    
         418  -5245.346    
         419  -5243.179    
         421  -5242.747    
         424  -5241.051    
         430  -5236.824    
         446  -5232.706    
         449  -5228.142    
         450  -5225.671    
         452  -5220.917    
         454  -5217.284    
         458  -5214.593    
         459  -5210.365    
         464  -5206.766    
         465  -5203.749    
         469  -5203.363    
         472  -5202.839    
         476  -5199.995    
         477  -5198.585    
         481  -5195.382    
         482  -5192.196    
         483  -5191.003    
         484  -5188.473    
         487  -5187.072    
         489  -5185.539    
         493  -5183.949    
         494  -5180.189    
         497  -5176.984    
         498  -5175.024    
         500  -5171.688    
         503  -5166.001    
         504  -5163.456    
         506  -5161.667    
         509  -5160.754    
         515  -5160.253    
         516  -5160.051    
         533  -5159.164    
         534  -5156.893    
         541  -5156.694    
         546  -5154.282    
         547  -5153.411    
         549  -5150.663    
         550  -5149.448    
         556  -5146.019    
         559  -5142.762    
         566  -5140.732    
         567  -5137.423    
         568  -5135.669    
         570  -5133.816    
         580  -5133.733    
         583  -5128.441    
         584  -5124.911    
         586  -5123.322    
         587  -5122.545    
         592  -5122.044    
         595  -5121.941    
         600  -5119.032    
         605  -5117.868    
         606  -5117.656    
         607  -5112.456    
         609  -5107.456    
         617  -5104.353    
         620  -5101.275    
         623  -5104.061    
         635  -5108.469    
         636  -5108.093    
         639  -5107.228    
         640  -5106.427    
         643  -5104.842    
         645  -5104.114    
         653  -5103.099    
         748  -5101.334    
         750  -5099.398    
         755  -5097.404    
         760  -5095.814    
         762  -5093.432    
         763  -5091.766    
         764  -5091.642    
         769  -5096.263    
         778  -5095.475    
         779  -5094.057    
         785  -5094.308    
         786  -5095.864    
         789  -5095.356    
         790  -5095.597    
         795  -5091.413    
         797  -5087.777    
         807  -5085.312    
         808  -5081.055    
         811  -5081.566    
         816  -5078.014    
         833  -5079.634    
         844  -5079.677    
         846  -5077.751    
         851  -5079.882    
         861  -5075.551    
         862  -5074.670    
         875  -5073.670    
         881  -5071.557    
         900  -5070.838    
         905  -5068.334    
         921  -5065.109    
         926  -5063.742    
         933  -5063.956    
         937  -5062.367    
         944  -5061.913    
         946  -5057.305    
         951  -5057.042    
         952  -5054.582    
         957  -5053.526    
         959  -5051.229    
         960  -5048.650    
         962  -5048.128    
         963  -5051.181    
         966  -5051.007    
         968  -5050.091    
         970  -5049.803    
         974  -5048.532    
         977  -5047.992    
         978  -5047.950    
         982  -5046.536    
         983  -5046.280    
         986  -5044.413    
         987  -5044.288    
         994  -5042.418    
        1002  -5039.183    
        1006  -5037.286    
        1009  -5034.057    
        1011  -5033.904    
        1016  -5033.040    
        1021  -5032.884    
        1031  -5028.945    
        1034  -5025.894    
        1050  -5022.475    
        1058  -5021.530    
        1059  -5024.023    
        1064  -5016.516    
        1074  -5015.124    
        1083  -5013.420    
        1087  -5012.315    
        1088  -5012.710    
        1097  -5011.733    
        1102  -5011.345    
        1109  -5008.715    
        1111  -5011.088    
        1113  -5011.072    
        1115  -5009.888    
        1117  -5007.932    
        1177  -5006.130    
        1184  -5006.894    
        1198  -5008.309    
        1316  -5009.959    
        1319  -5009.613    
        1326  -5006.522    
        1336  -5005.275    
        1352  -5002.739    
        1364  -5000.298    
        1370  -5000.048    
        1380  -4998.958    
        1381  -4998.010    
        1401  -4997.512    
        1414  -4994.212    
        1415  -4992.065    
        1416  -4988.505    
        1417  -4987.997    
        1787  -4985.232    
        1790  -4982.231    
        1799  -4980.967    
        1801  -4981.534    
        1802  -4980.965    
        1813  -4980.650    
        1814  -4980.340    
        1817  -4978.844    
        1818  -4978.282    
        1820  -4979.752    
        1832  -4978.444    
        1838  -4974.635    
        1846  -4973.992    
        1847  -4970.369    
        1850  -4967.840    
        1851  -4966.608    
        1862  -4966.532    
        1865  -4966.213    
        1867  -4965.124    
        1868  -4964.361    
        1869  -4962.279    
        1877  -4963.946    
        1878  -4963.506    
        1879  -4967.162    
        1887  -4964.749    
        1890  -4958.011    
        1891  -4957.337    
        1892  -4949.928    
        1901  -4951.214    
        1907  -4952.076    
        1909  -4949.151    
        1910  -4948.381    
        1931  -4947.087    
        1936  -4946.808    
        1948  -4946.664    
        1954  -4946.467    
        1958  -4944.967    
        1968  -4943.222    
