 step, energy
           1  -5700.630    
           1  -5696.516    
           2  -5695.134    
           4  -5692.256    
           7  -5689.825    
           9  -5684.632    
          10  -5683.106    
          13  -5682.008    
          14  -5679.340    
          18  -5677.467    
          21  -5676.470    
          23  -5674.269    
          25  -5671.986    
          26  -5669.250    
          30  -5668.163    
          31  -5665.907    
          32  -5663.635    
          35  -5663.101    
          37  -5659.422    
          38  -5654.835    
          41  -5652.738    
          43  -5649.097    
          45  -5646.372    
          49  -5643.458    
          50  -5641.531    
          52  -5637.131    
          53  -5635.258    
          57  -5631.811    
          59  -5630.383    
          60  -5626.253    
          64  -5620.187    
          65  -5616.650    
          66  -5615.601    
          69  -5612.734    
          70  -5611.506    
          73  -5610.317    
          75  -5606.671    
          76  -5605.663    
          78  -5601.271    
          79  -5599.432    
          81  -5599.321    
          83  -5598.712    
          88  -5592.409    
          89  -5590.907    
          90  -5589.071    
          93  -5586.455    
          94  -5583.245    
          98  -5582.625    
         101  -5581.735    
         102  -5578.981    
         103  -5576.728    
         104  -5574.997    
         105  -5569.448    
         107  -5568.005    
         109  -5564.931    
         111  -5563.461    
         113  -5563.234    
         115  -5561.873    
         116  -5560.955    
         117  -5563.161    
         118  -5562.749    
         119  -5558.554    
         120  -5553.279    
         121  -5550.997    
         123  -5548.966    
         124  -5548.426    
         125  -5546.932    
         126  -5544.417    
         127  -5542.171    
         129  -5536.132    
         130  -5530.494    
         132  -5524.680    
         134  -5524.354    
         135  -5521.950    
         136  -5517.547    
         137  -5516.587    
         138  -5514.082    
         139  -5512.864    
         140  -5507.977    
         143  -5503.187    
         144  -5498.890    
         148  -5497.485    
         150  -5494.916    
         151  -5492.289    
         152  -5489.262    
         153  -5488.574    
         154  -5487.197    
         155  -5484.000    
         157  -5481.667    
         159  -5480.088    
         160  -5478.820    
         161  -5476.778    
         162  -5474.134    
         166  -5469.988    
         167  -5462.773    
         168  -5462.743    
         169  -5461.400    
         171  -5459.286    
         174  -5454.383    
         175  -5452.942    
         178  -5452.070    
         179  -5449.848    
         180  -5448.591    
         181  -5444.953    
         182  -5443.248    
         183  -5439.834    
         184  -5436.718    
         187  -5432.825    
         188  -5432.084    
         190  -5429.867    
         193  -5427.792    
         194  -5427.714    
         195  -5425.014    
         197  -5424.185    
         199  -5420.892    
         200  -5421.797    
         202  -5420.806    
         203  -5419.353    
         204  -5411.733    
         206  -5411.190    
         207  -5406.334    
         210  -5403.895    
         211  -5403.680    
         213  -5402.383    
         214  -5402.220    
         217  -5399.147    
         218  -5397.578    
         219  -5395.516    
         221  -5393.841    
         222  -5391.521    
         223  -5390.886    
         224  -5386.152    
         225  -5385.380    
         226  -5383.077    
         228  -5378.284    
         229  -5376.832    
         232  -5374.740    
         238  -5373.843    
         239  -5371.214    
         240  -5367.918    
         241  -5367.128    
         246  -5366.974    
         250  -5366.872    
         253  -5366.625    
         254  -5364.149    
         256  -5361.026    
         260  -5359.088    
         261  -5358.860    
         262  -5354.908    
         263  -5350.695    
         265  -5349.947    
         266  -5348.711    
         267  -5348.164    
         270  -5344.124    
         273  -5343.723    
         275  -5340.958    
         276  -5336.056    
         277  -5330.606    
         279  -5329.418    
         280  -5328.212    
         282  -5323.538    
         286  -5322.715    
         287  -5321.537    
         288  -5319.473    
         291  -5317.928    
         292  -5315.674    
         293  -5311.324    
         294  -5311.526    
         297  -5313.167    
         299  -5311.663    
         300  -5306.431    
         303  -5302.823    
         306  -5301.578    
         310  -5299.325    
         311  -5298.065    
         318  -5295.009    
         325  -5294.604    
         326  -5289.169    
         328  -5288.551    
         329  -5287.069    
         333  -5286.282    
         339  -5284.795    
         340  -5279.508    
         342  -5276.793    
         344  -5274.964    
         345  -5272.421    
         347  -5270.736    
         348  -5268.601    
         351  -5267.328    
         353  -5266.917    
         355  -5264.925    
         356  -5266.890    
         357  -5263.915    
         358  -5263.915    
         362  -5262.369    
         363  -5260.474    
         364  -5259.712    
         366  -5257.443    
         368  -5254.309    
         369  -5252.480    
         371  -5250.351    
         372  -5245.912    
         374  -5243.739    
         375  -5242.556    
         378  -5242.449    
         379  -5241.858    
         380  -5234.585    
         381  -5230.745    
         382  -5229.596    
         386  -5226.315    
         388  -5225.985    
         389  -5224.332    
         390  -5222.213    
         391  -5221.562    
         392  -5221.153    
         395  -5219.166    
         399  -5218.851    
         400  -5212.902    
         401  -5207.136    
         403  -5205.426    
         405  -5203.655    
         407  -5201.584    
         408  -5200.789    
         410  -5197.221    
         414  -5195.819    
         423  -5191.514    
         424  -5192.180    
         425  -5189.867    
         428  -5188.209    
         430  -5186.672    
         445  -5184.680    
         446  -5183.676    
         450  -5183.868    
         452  -5182.867    
         465  -5181.447    
         467  -5180.340    
         468  -5177.652    
         469  -5176.536    
         472  -5172.336    
         473  -5171.169    
         478  -5170.512    
         483  -5169.272    
         487  -5164.451    
         488  -5160.557    
         490  -5158.685    
         497  -5156.414    
         498  -5155.287    
         503  -5151.088    
         504  -5150.586    
         505  -5150.143    
         509  -5149.990    
         510  -5147.532    
         512  -5146.438    
         515  -5145.617    
         518  -5141.542    
         524  -5126.774    
         527  -5123.104    
         531  -5119.456    
         535  -5118.242    
         539  -5118.212    
         541  -5117.041    
         542  -5114.687    
         545  -5112.117    
         546  -5112.831    
         550  -5111.086    
         553  -5105.683    
         564  -5105.480    
         566  -5101.457    
         567  -5099.805    
         568  -5099.959    
         575  -5098.096    
         576  -5095.110    
         578  -5094.714    
         581  -5093.280    
         584  -5090.083    
         707  -5085.655    
         708  -5086.532    
         709  -5085.805    
         710  -5083.948    
         713  -5084.331    
         714  -5082.889    
         716  -5082.432    
         719  -5080.458    
         720  -5080.068    
         730  -5078.788    
         742  -5077.740    
         743  -5077.712    
         747  -5077.393    
         748  -5077.173    
         751  -5073.842    
         752  -5072.717    
         753  -5068.292    
         796  -5068.381    
         798  -5067.652    
         805  -5065.403    
         812  -5061.884    
         813  -5058.031    
         820  -5055.497    
         822  -5052.897    
         828  -5048.318    
         830  -5044.753    
         832  -5044.364    
         835  -5041.996    
         838  -5039.803    
         839  -5039.394    
         841  -5038.776    
         843  -5036.168    
         847  -5034.601    
         849  -5033.137    
         852  -5022.747    
         858  -5021.540    
         860  -5019.931    
         865  -5018.663    
         868  -5018.200    
         869  -5017.198    
         873  -5016.721    
         874  -5016.694    
         876  -5017.060    
         878  -5015.147    
         880  -5014.989    
         887  -5013.227    
         888  -5011.826    
         889  -5011.318    
         892  -5011.085    
         894  -5008.560    
         897  -5007.727    
         898  -5007.446    
         899  -5005.675    
         909  -5005.633    
         912  -5004.940    
         913  -5003.448    
         915  -5002.184    
         916  -5000.487    
         919  -4999.916    
         920  -4998.602    
         929  -4998.331    
         932  -4997.759    
         936  -4996.621    
         937  -4997.734    
         944  -4993.673    
         945  -4991.959    
         950  -4991.178    
         953  -4991.045    
         955  -4989.928    
         958  -4986.191    
         964  -4983.622    
         976  -4982.982    
         981  -4981.274    
         983  -4981.305    
         985  -4977.703    
         986  -4973.744    
         996  -4971.571    
         998  -4970.788    
        1001  -4967.143    
        1011  -4966.213    
        1020  -4967.883    
        1022  -4966.212    
        1023  -4965.364    
        1024  -4965.544    
        1032  -4966.909    
        1034  -4964.806    
        1036  -4964.584    
        1038  -4963.656    
        1040  -4964.273    
        1042  -4963.404    
        1047  -4963.053    
        1054  -4963.242    
        1059  -4962.653    
        1066  -4962.001    
        1076  -4960.355    
        1077  -4956.038    
        1080  -4955.320    
        1082  -4954.969    
        1083  -4953.730    
        1086  -4952.719    
        1096  -4951.843    
        1104  -4951.253    
        1112  -4951.003    
        1114  -4951.684    
        1129  -4950.223    
        1135  -4945.147    
        1139  -4945.107    
        1140  -4943.729    
        1141  -4940.464    
        1157  -4939.882    
        1163  -4939.958    
        1170  -4935.436    
        1177  -4934.566    
        1189  -4929.668    
        1191  -4929.570    
        1199  -4932.807    
        1201  -4932.076    
        1202  -4931.329    
        1207  -4930.288    
        1223  -4926.705    
        1224  -4925.740    
        1229  -4925.617    
        1241  -4924.873    
        1244  -4925.728    
        1245  -4926.344    
        1254  -4926.255    
        1257  -4923.734    
        1267  -4921.246    
        1274  -4921.703    
        1275  -4920.485    
        1280  -4915.593    
        1298  -4914.561    
        1302  -4910.613    
        1303  -4910.843    
        1304  -4910.603    
        1305  -4909.128    
        1308  -4908.915    
        1313  -4908.427    
        1315  -4907.783    
