           1 processors are being used.
 Step || Time elapsed || Avg time per step || This step's time || Approx time re
 maining
           1   1.19549989700317        1.19549989700317     
   1.17568397521973        5144323.92604709     
           2   2.35631489753723        1.17815744876862     
   1.16023302078247        5069696.91846639     
           3   3.56149101257324        1.18716367085775     
   1.20488500595093        5108450.15790335     
           4   4.71848297119141        1.17962074279785     
   1.15670514106750        5075991.21952152     
           5   5.86345291137695        1.17269058227539     
   1.14467406272888        5046169.07752647     
           6   7.03149390220642        1.17191565036774     
   1.16775107383728        5042833.31975442     
           7   8.20196795463562        1.17170970780509     
   1.17016696929932        5041945.96309057     
           8   9.37388491630554        1.17173561453819     
   1.17162108421326        5042056.26977621     
           9   10.7626898288727        1.19585442543030     
   1.38849997520447        5145839.92109144     
          10   11.9214129447937        1.19214129447937     
   1.15843200683594        5129860.88325822     
          11   13.0835819244385        1.18941653858532     
   1.16187500953674        5118134.89348282     
          12   14.2553508281708        1.18794590234756     
   1.17133688926697        5111805.46442047     
          13   15.4219548702240        1.18630422078646     
   1.16615605354309        5104740.01975372     
          14   16.5782458782196        1.18416041987283     
   1.15599489212036        5095513.92841818     
          15   17.7190468311310        1.18126978874207     
   1.14036798477173        5083074.18650954     
          16   18.8902468681335        1.18064042925835     
   1.17076897621155        5080364.83456378     
          17   20.0445280075073        1.17908988279455     
   1.15384602546692        5073691.56333320     
          18   21.1811800003052        1.17673222223918     
   1.13621902465820        5063545.23766573     
          19   22.3529419898987        1.17647063104730     
   1.17133307456970        5062418.41951655     
          20   23.5070807933807        1.17535403966904     
   1.15384387969971        5057612.48949103     
          21   24.6521937847137        1.17391398974827     
   1.14467787742615        5051414.70228527     
          22   25.8081920146942        1.17309963703156     
   1.15557122230530        5047909.32587773     
          23   26.9811007976532        1.17309133902840     
   1.17247986793518        5047872.44604316     
          24   28.1372539997101        1.17238558332125     
   1.15585899353027        5044834.37050331     
          25   29.3075749874115        1.17230299949646     
   1.16989302635193        5044477.83583174     
          26   30.4534039497375        1.17128476729760     
   1.14551901817322        5040095.16099278     
          27   31.6075448989868        1.17064981107359     
   1.15370202064514        5037361.74291567     
          28   32.7476267814636        1.16955809933799     
   1.13964891433716        5032662.88590298     
          29   33.9181129932404        1.16959010321518     
   1.17004799842834        5032799.43048464     
          30   35.0765459537506        1.16921819845835     
   1.15799999237061        5031197.93817613     
          31   36.2547597885132        1.16950838027462     
   1.17777681350708        5032445.43393623     
          32   37.4117698669434        1.16911780834198     
   1.15670990943909        5030763.61680239     
          33   38.5670559406281        1.16869866486752     
   1.15484499931335        5028958.85591952     
          34   39.7406837940216        1.16884364100064     
   1.17333579063416        5029581.52539320     
          35   40.9128849506378        1.16893957001822     
   1.17176413536072        5029993.14290143     
          36   42.0848000049591        1.16902222235998     
   1.17147803306580        5030347.63017053     
          37   43.2578539848328        1.16913118877926     
   1.17261600494385        5030815.34773675     
          38   44.4023919105530        1.16848399764613     
   1.14395308494568        5028029.29153722     
          39   45.5701489448547        1.16846535756038     
   1.16746497154236        5027947.91410250     
          40   46.7387609481812        1.16846902370453     
   1.16832113265991        5027962.52118190     
          41   47.8982079029083        1.16824897324167     
   1.15915203094482        5027014.46819949     
          42   49.0557827949524        1.16799482845125     
   1.15728592872620        5025919.70665764     
