 No., total, center1, center2, center3, n3, n4, n5, n6, n7, n8, n9, n10, nbr-1, nbr-2, nbr-3
       1     127      48      71       8  0  2  8  2  0  0  0  0       829       627        68
       2       3       3       0       0  0  2  9  3  1  0  0  0        16        28         1
       3      50      14      34       2  0  3  6  2  0  0  0  0       325       206        19
       4      37      32       2       3  0  1 10  3  0  0  0  0       244       250        24
       5      57      52       3       2  0  2  8  4  0  0  0  0       384       377        37
       6     113      77      31       5  0  3  6  4  0  0  0  0       766       626        77
       7      62      25      35       2  0  4  4  4  0  0  0  0       408       304        32
       8       6       6       0       0  0  0 12  2  0  0  0  0        45        36         3
       9      55      17      32       6  0  0 12  0  0  0  0  0       363       268        29
      10       9       8       0       1  0  4  5  4  1  0  0  0        57        60         9
      11      46      32      12       2  0  2  8  3  0  0  0  0       299       264        35
      12      61      22      37       2  0  4  4  3  0  0  0  0       394       242        35
      13      38      21      14       3  0  4  4  5  0  0  0  0       239       225        30
      14      34      27       5       2  0  3  6  5  0  0  0  0       212       231        33
      15       5       4       1       0  0  5  3  5  1  0  0  0        31        37         2
      16      86      62      19       5  0  1 10  2  0  0  0  0       590       474        54
      17       7       6       1       0  0  3  7  3  1  0  0  0        52        42         4
      18     142      52      79      11  0  3  6  3  0  0  0  0       896       723        85
      19      11      11       0       0  0  1 10  4  0  0  0  0        73        84         8
      20       1       1       0       0  1  4  3  4  0  1  0  0         7         5         1
      21       6       6       0       0  0  3  7  1  1  0  0  0        42        29         1
      22     110      19      86       5  0  2  8  1  0  0  0  0       715       442        53
      23      20      14       4       2  0  4  4  6  0  0  0  0       123       152         5
      24       3       2       1       0  0  4  5  2  1  0  0  0        18        16         2
      25      16      11       4       1  0  5  2  6  0  0  0  0       106        90        12
      26       1       1       0       0  0  2  9  1  1  0  0  0         7         6         0
      27       4       4       0       0  0  4  6  1  2  0  0  0        25        22         5
      28       9       2       7       0  0  4  4  2  0  0  0  0        53        33         4
      29      40       2      36       2  0  2  8  0  0  0  0  0       271       111        18
      30      13      13       0       0  0  2  8  5  0  0  0  0        74       104        17
      31       5       5       0       0  0  3  7  4  1  0  0  0        34        35         6
      32       3       2       1       0  1  4  3  5  2  0  0  0        18        26         1
      33       1       1       0       0  0  3  7  5  1  0  0  0         6         9         1
      34       8       4       3       1  1  2  5  4  0  0  0  0        51        41         4
      35       3       3       0       0  0  4  4  7  0  0  0  0        19        24         2
      36       4       4       0       0  0  3  6  6  0  0  0  0        26        31         3
      37       1       1       0       0  1  0  9  3  0  0  0  0        10         3         0
      38      10       8       2       0  0  4  5  3  1  0  0  0        67        58         5
      39       9       9       0       0  0  0 12  3  0  0  0  0        61        64        10
      40      17       6      10       1  0  5  2  5  0  0  0  0       103        89        12
      41       1       1       0       0  1  3  5  4  0  1  0  0         6         8         0
      42      13      11       1       1  0  3  7  2  1  0  0  0        85        77         7
      43       1       1       0       0  0  2  8  6  0  0  0  0         5        11         0
      44       6       3       3       0  1  3  4  4  1  0  0  0        38        38         2
      45       1       1       0       0  1  1  9  0  2  0  0  0         7         6         0
      46       6       6       0       0  0  1 10  5  0  0  0  0        36        54         6
      47       1       1       0       0  0  5  2  8  0  0  0  0         4         9         2
      48       6       5       1       0  0  5  3  4  1  0  0  0        40        33         5
      49       2       2       0       0  1  2  5  5  0  0  0  0        15         7         4
      50       3       3       0       0  0  2  9  2  1  0  0  0        22        19         1
      51      10       2       8       0  1  3  3  4  0  0  0  0        58        47         5
      52      14       8       6       0  1  2  6  3  1  0  0  0        86        81        15
      53      11       2       9       0  1  2  5  3  0  0  0  0        66        46         9
      54       2       2       0       0  0  0 12  4  0  0  0  0         9        22         1
      55       1       1       0       0  1  2  7  1  2  0  0  0         6         7         0
      56       2       2       0       0  1  2  7  2  2  0  0  0        16         9         3
      57       1       1       0       0  1  3  4  5  1  0  0  0         4         9         1
      58       1       1       0       0  1  1  7  5  0  0  0  0         5         8         1
      59       1       1       0       0  0  6  0  8  0  0  0  0         4        10         0
      60       2       1       1       0  0  4  5  1  1  0  0  0        10        11         1
      61       5       1       4       0  1  4  2  4  1  0  0  0        35        23         2
      62      10       2       8       0  1  3  4  3  1  0  0  0        63        50         7
      63       4       4       0       0  0  5  3  3  1  0  0  0        28        17         3
      64       2       2       0       0  0  6  2  4  2  0  0  0        12        16         0
      65       2       2       0       0  1  1  8  2  1  0  0  0        14        12         0
      66       1       1       0       0  0  2  9  4  1  0  0  0         5         9         2
      67       4       2       2       0  1  1  8  1  1  0  0  0        26        21         1
      68       1       1       0       0  0  4  5  5  1  0  0  0         4         9         2
      69       1       1       0       0  0  3  6  7  0  0  0  0         6        10         0
      70       2       1       1       0  1  3  5  1  2  0  0  0        13        11         0
      71       1       1       0       0  2  2  5  2  3  0  0  0         7         5         2
      72       1       1       0       0  2  0  7  4  1  0  0  0         3         7         4
      73       1       1       0       0  2  2  2  6  0  0  0  0         7         5         0
      74       2       1       1       0  1  2  5  2  0  0  0  0        15         4         1
      75      35       0      33       2  0  3  6  1  0  0  0  0       238        96        16
      76       1       0       1       0  3  2  3  2  2  1  0  0         5         8         0
      77       4       0       4       0  1  3  5  2  2  0  0  0        22        29         1
      78       3       0       3       0  1  3  3  3  0  0  0  0        25         5         0
      79       3       0       3       0  1  4  2  3  1  0  0  0        19        11         3
      80       2       0       2       0  1  2  6  4  1  0  0  0         8        19         1
      81       1       0       1       0  2  2  4  2  2  0  0  0         3         8         1
      82       2       0       2       0  1  2  6  1  1  0  0  0        13         9         0
      83       1       0       1       0  0  6  0  5  0  0  0  0         4         6         1
      84       2       0       2       0  0  5  2  3  0  0  0  0        10        10         0
      85       2       0       2       0  1  2  6  2  1  0  0  0        14        10         0
      86       1       0       1       0  1  4  1  6  0  0  0  0         4         8         0
      87       6       0       6       0  0  3  6  0  0  0  0  0        39        12         3
      88       1       0       1       0  2  3  3  4  1  1  0  0         6         8         0
      89       1       0       1       0  0  5  3  2  1  0  0  0         6         5         0
      90       1       0       1       0  2  2  4  1  2  0  0  0         5         5         1
      91       1       0       1       0  1  3  3  5  0  0  0  0         4         7         1
      92       1       0       1       0  2  3  3  2  3  0  0  0         6         7         0
      93       1       0       1       0  2  1  7  2  1  1  0  0         6         8         0
      94       1       0       0       1  1  3  5  3  2  0  0  0         9         5         0
-1
